0 0
0.024 2.01439E-4
0.048 8.05111E-4
0.072 0.00181
0.096 0.00322
0.12 0.00502
0.144 0.00722
0.168 0.00982
0.192 0.01282
0.216 0.01621
0.24 0.02
0.264 0.02418
0.288 0.02875
0.312 0.03372
0.336 0.03907
0.36 0.04482
0.384 0.05096
0.408 0.05748
0.432 0.06439
0.456 0.07168
0.48 0.07937
0.504 0.08743
0.528 0.09588
0.552 0.10471
0.576 0.11392
0.6 0.12352
0.624 0.13349
0.648 0.14384
0.672 0.15457
0.696 0.16568
0.72 0.17716
0.744 0.18902
0.768 0.20125
0.792 0.21386
0.816 0.22684
0.84 0.24019
0.864 0.25391
0.888 0.268
0.912 0.28246
0.936 0.29729
0.96 0.31248
0.984 0.32804
1.008 0.34397
1.032 0.36026
1.056 0.37691
1.08 0.39393
1.104 0.41131
1.128 0.42905
1.152 0.44715
1.176 0.46561
1.2 0.48443
1.224 0.50361
1.248 0.52314
1.272 0.54303
1.296 0.56327
1.32 0.58387
1.344 0.60482
1.368 0.62612
1.392 0.64778
1.416 0.66979
1.44 0.69214
1.464 0.71485
1.488 0.7379
1.512 0.7613
1.536 0.78505
1.56 0.80914
1.584 0.83358
1.608 0.85836
1.632 0.88349
1.656 0.90896
1.68 0.93477
1.704 0.96092
1.728 0.98741
1.752 1.01424
1.776 1.04141
1.8 1.06891
1.824 1.09676
1.848 1.12494
1.872 1.15345
1.896 1.1823
1.92 1.21148
1.944 1.241
1.968 1.27084
1.992 1.30102
2.016 1.33153
2.04 1.36237
2.064 1.39353
2.088 1.42503
2.112 1.45685
2.136 1.489
2.16 1.52147
2.184 1.55427
2.208 1.58739
2.232 1.62084
2.256 1.65461
2.28 1.6887
2.304 1.72311
2.328 1.75784
2.352 1.79289
2.376 1.82826
2.4 1.86395
2.424 1.89996
2.448 1.93628
2.472 1.97291
2.496 2.00987
2.52 2.04713
2.544 2.08471
2.568 2.1226
2.592 2.16081
2.616 2.19932
2.64 2.23815
2.664 2.27728
2.688 2.31673
2.712 2.35648
2.736 2.39654
2.76 2.43691
2.784 2.47758
2.808 2.51855
2.832 2.55984
2.856 2.60142
2.88 2.64331
2.904 2.6855
2.928 2.728
2.952 2.77079
2.976 2.81388
3 2.85728
3.024 2.90097
3.048 2.94496
3.072 2.98924
3.096 3.03383
3.12 3.07871
3.144 3.12388
3.168 3.16935
3.192 3.21511
3.216 3.26117
3.24 3.30752
3.264 3.35416
3.288 3.40109
3.312 3.44831
3.336 3.49582
3.36 3.54362
3.384 3.5917
3.408 3.64008
3.432 3.68874
3.456 3.73769
3.48 3.78692
3.504 3.83644
3.528 3.88624
3.552 3.93633
3.576 3.98669
3.6 4.03734
3.624 4.08827
3.648 4.13949
3.672 4.19098
3.696 4.24275
3.72 4.2948
3.744 4.34712
3.768 4.39973
3.792 4.45261
3.816 4.50577
3.84 4.5592
3.864 4.61291
3.888 4.66689
3.912 4.72114
3.936 4.77567
3.96 4.83047
3.984 4.88554
4.008 4.94088
4.032 4.99649
4.056 5.05237
4.08 5.10852
4.104 5.16494
4.128 5.22162
4.152 5.27858
4.176 5.33579
4.2 5.39328
4.224 5.45103
4.248 5.50904
4.272 5.56732
4.296 5.62585
4.32 5.68466
4.344 5.74372
4.368 5.80304
4.392 5.86263
4.416 5.92248
4.44 5.98258
4.464 6.04294
4.488 6.10356
4.512 6.16444
4.536 6.22558
4.56 6.28697
4.584 6.34862
4.608 6.41052
4.632 6.47267
4.656 6.53508
4.68 6.59775
4.704 6.66066
4.728 6.72383
4.752 6.78725
4.776 6.85092
4.8 6.91484
4.824 6.97901
4.848 7.04342
4.872 7.10809
4.896 7.173
4.92 7.23817
4.944 7.30357
4.968 7.36923
4.992 7.43513
5.016 7.50127
5.04 7.56766
5.064 7.63429
5.088 7.70116
5.112 7.76828
5.136 7.83564
5.16 7.90324
5.184 7.97108
5.208 8.03916
5.232 8.10748
5.256 8.17604
5.28 8.24484
5.304 8.31387
5.328 8.38314
5.352 8.45265
5.376 8.5224
5.4 8.59238
5.424 8.66259
5.448 8.73304
5.472 8.80373
5.496 8.87464
5.52 8.94579
5.544 9.01718
5.568 9.08879
5.592 9.16063
5.616 9.23271
5.64 9.30502
5.664 9.37755
5.688 9.45031
5.712 9.52331
5.736 9.59652
5.76 9.66997
5.784 9.74364
5.808 9.81754
5.832 9.89167
5.856 9.96602
5.88 10.04059
5.904 10.11539
5.928 10.19041
5.952 10.26566
5.976 10.34113
6 10.41681
6.024 10.49272
6.048 10.56886
6.072 10.64521
6.096 10.72178
6.12 10.79857
6.144 10.87558
6.168 10.9528
6.192 11.03025
6.216 11.10791
6.24 11.18579
6.264 11.26388
6.288 11.34219
6.312 11.42072
6.336 11.49945
6.36 11.57841
6.384 11.65757
6.408 11.73695
6.432 11.81654
6.456 11.89635
6.48 11.97636
6.504 12.05659
6.528 12.13703
6.552 12.21767
6.576 12.29853
6.6 12.37959
6.624 12.46087
6.648 12.54235
6.672 12.62404
6.696 12.70593
6.72 12.78803
6.744 12.87034
6.768 12.95285
6.792 13.03557
6.816 13.11849
6.84 13.20162
6.864 13.28495
6.888 13.36848
6.912 13.45222
6.936 13.53615
6.96 13.62029
6.984 13.70463
7.008 13.78917
7.032 13.87391
7.056 13.95885
7.08 14.04399
7.104 14.12933
7.128 14.21487
7.152 14.3006
7.176 14.38653
7.2 14.47266
7.224 14.55898
7.248 14.6455
7.272 14.73222
7.296 14.81913
7.32 14.90623
7.344 14.99353
7.368 15.08102
7.392 15.1687
7.416 15.25658
7.44 15.34465
7.464 15.43291
7.488 15.52136
7.512 15.61
7.536 15.69884
7.56 15.78786
7.584 15.87707
7.608 15.96647
7.632 16.05606
7.656 16.14584
7.68 16.2358
7.704 16.32595
7.728 16.41629
7.752 16.50682
7.776 16.59753
7.8 16.68842
7.824 16.7795
7.848 16.87077
7.872 16.96221
7.896 17.05385
7.92 17.14566
7.944 17.23766
7.968 17.32984
7.992 17.4222
8.016 17.51474
8.04 17.60747
8.064 17.70037
8.088 17.79346
8.112 17.88672
8.136 17.98016
8.16 18.07378
8.184 18.16758
8.208 18.26156
8.232 18.35572
8.256 18.45005
8.28 18.54456
8.304 18.63924
8.328 18.7341
8.352 18.82914
8.376 18.92435
8.4 19.01974
8.424 19.1153
8.448 19.21103
8.472 19.30694
8.496 19.40302
8.52 19.49927
8.544 19.59569
8.568 19.69229
8.592 19.78905
8.616 19.88599
8.64 19.9831
8.664 20.08037
8.688 20.17782
8.712 20.27544
8.736 20.37322
8.76 20.47118
8.784 20.5693
8.808 20.66759
8.832 20.76604
8.856 20.86466
8.88 20.96345
8.904 21.06241
8.928 21.16153
8.952 21.26081
8.976 21.36026
9 21.45988
9.024 21.55965
9.048 21.6596
9.072 21.7597
9.096 21.85997
9.12 21.9604
9.144 22.06099
9.168 22.16174
9.192 22.26266
9.216 22.36373
9.24 22.46497
9.264 22.56637
9.288 22.66792
9.312 22.76964
9.336 22.87151
9.36 22.97354
9.384 23.07573
9.408 23.17808
9.432 23.28059
9.456 23.38325
9.48 23.48607
9.504 23.58905
9.528 23.69218
9.552 23.79546
9.576 23.89891
9.6 24.0025
9.624 24.10625
9.648 24.21016
9.672 24.31422
9.696 24.41843
9.72 24.52279
9.744 24.62731
9.768 24.73198
9.792 24.8368
9.816 24.94178
9.84 25.0469
9.864 25.15217
9.888 25.2576
9.912 25.36317
9.936 25.4689
9.96 25.57477
9.984 25.6808
10.008 25.78697
10.032 25.89329
10.056 25.99976
10.08 26.10637
10.104 26.21313
10.128 26.32004
10.152 26.4271
10.176 26.5343
10.2 26.64165
10.224 26.74914
10.248 26.85678
10.272 26.96456
10.296 27.07249
10.32 27.18056
10.344 27.28877
10.368 27.39713
10.392 27.50563
10.416 27.61427
10.44 27.72306
10.464 27.83199
10.488 27.94105
10.512 28.05027
10.536 28.15962
10.56 28.26911
10.584 28.37874
10.608 28.48851
10.632 28.59842
10.656 28.70848
10.68 28.81867
10.704 28.92899
10.728 29.03946
10.752 29.15007
10.776 29.26081
10.8 29.37169
10.824 29.4827
10.848 29.59386
10.872 29.70515
10.896 29.81657
10.92 29.92813
10.944 30.03983
10.968 30.15166
10.992 30.26362
11.016 30.37572
11.04 30.48796
11.064 30.60033
11.088 30.71283
11.112 30.82546
11.136 30.93823
11.16 31.05113
11.184 31.16416
11.208 31.27732
11.232 31.39062
11.256 31.50404
11.28 31.6176
11.304 31.73128
11.328 31.8451
11.352 31.95905
11.376 32.07313
11.4 32.18733
11.424 32.30167
11.448 32.41613
11.472 32.53072
11.496 32.64544
11.52 32.76029
11.544 32.87526
11.568 32.99037
11.592 33.10559
11.616 33.22095
11.64 33.33643
11.664 33.45204
11.688 33.56777
11.712 33.68363
11.736 33.79961
11.76 33.91572
11.784 34.03195
11.808 34.14831
11.832 34.26479
11.856 34.3814
11.88 34.49812
11.904 34.61497
11.928 34.73194
11.952 34.84904
11.976 34.96626