# Resultados Derivación Numérica
Tiempo	 Posición	 Velocidad	 Error_velocidad	 Aceleración	 Error_aceleración 
0.00000000	 0.00000000	 0.00839329	 0.00839329	 0.34916059	 0.35083941
0.02400000	 0.00020144	 0.01677315	 0.00000671	 0.52329991	 0.17552648
0.04800000	 0.00080511	 0.03351169	 0.00000780	 0.69868837	 0.00103080
0.07200000	 0.00181000	 0.05031019	 0.00009119	 0.69506901	 0.00142447
0.09600000	 0.00322000	 0.06687500	 0.00000347	 0.68798220	 0.00735192
0.12000000	 0.00502000	 0.08333333	 0.00016468	 0.69010417	 0.00407531
0.14400000	 0.00722000	 0.10000000	 0.00007771	 0.69444444	 0.00141495
0.16800000	 0.00982000	 0.11666667	 0.00004900	 0.69010417	 0.00178001
0.19200000	 0.01282000	 0.13312500	 0.00000702	 0.68576389	 0.00497960
0.21600000	 0.01621000	 0.14958333	 0.00000460	 0.68576389	 0.00384352
0.24000000	 0.02000000	 0.16604167	 0.00004163	 0.68142361	 0.00705230
0.26400000	 0.02418000	 0.18229167	 0.00009030	 0.68142361	 0.00592537
0.28800000	 0.02875000	 0.19875000	 0.00002537	 0.68142361	 0.00480297
0.31200000	 0.03372000	 0.21500000	 0.00002812	 0.67708333	 0.00802537
0.33600000	 0.03907000	 0.23125000	 0.00004253	 0.68142361	 0.00257171
0.36000000	 0.04482000	 0.24770833	 0.00019039	 0.67708333	 0.00580308
0.38400000	 0.05096000	 0.26375000	 0.00004553	 0.66840278	 0.01337917
0.40800000	 0.05748000	 0.27979167	 0.00006053	 0.66840278	 0.01227914
0.43200000	 0.06439000	 0.29583333	 0.00012788	 0.67274306	 0.00684323
0.45600000	 0.07168000	 0.31208333	 0.00005172	 0.67274306	 0.00575199
0.48000000	 0.07937000	 0.32812500	 0.00006151	 0.66406250	 0.01334566
0.50400000	 0.08743000	 0.34395833	 0.00009860	 0.66406250	 0.01226312
0.52800000	 0.09588000	 0.36000000	 0.00001205	 0.66406250	 0.01118489
0.55200000	 0.10471000	 0.37583333	 0.00009558	 0.66406250	 0.01011096
0.57600000	 0.11392000	 0.39187500	 0.00006738	 0.66406250	 0.00904131
0.60000000	 0.12352000	 0.40770833	 0.00006007	 0.65538194	 0.01665647
0.62400000	 0.13349000	 0.42333333	 0.00011760	 0.65538194	 0.01559531
0.64800000	 0.14384000	 0.43916667	 0.00004906	 0.65972222	 0.01019809
0.67200000	 0.15457000	 0.45500000	 0.00005727	 0.65538194	 0.01348561
0.69600000	 0.16568000	 0.47062500	 0.00000704	 0.65104167	 0.01677730
0.72000000	 0.17716000	 0.48625000	 0.00003373	 0.65104167	 0.01573287
0.74400000	 0.18902000	 0.50187500	 0.00002290	 0.65104167	 0.01469257
0.76800000	 0.20125000	 0.51750000	 0.00002535	 0.65104167	 0.01365638
0.79200000	 0.21386000	 0.53312500	 0.00011094	 0.64670139	 0.01696456
0.81600000	 0.22684000	 0.54854167	 0.00002546	 0.64236111	 0.02027681
0.84000000	 0.24019000	 0.56395833	 0.00002287	 0.64236111	 0.01925283
0.86400000	 0.25391000	 0.57937500	 0.00003413	 0.64236111	 0.01823288
0.88800000	 0.26800000	 0.59479167	 0.00000841	 0.64236111	 0.01721695
0.91200000	 0.28246000	 0.61020833	 0.00005421	 0.63802083	 0.02054528
0.93600000	 0.29729000	 0.62541667	 0.00005470	 0.63368056	 0.02387759
0.96000000	 0.31248000	 0.64062500	 0.00012689	 0.63802083	 0.01853330
0.98400000	 0.32804000	 0.65604167	 0.00004588	 0.63802083	 0.01753322
1.00800000	 0.34397000	 0.67125000	 0.00004686	 0.62934028	 0.02521761
1.03200000	 0.36026000	 0.68625000	 0.00012404	 0.62934028	 0.02422534
1.05600000	 0.37691000	 0.70145833	 0.00005024	 0.63368056	 0.01889667
1.08000000	 0.39393000	 0.71666667	 0.00005984	 0.62934028	 0.02225241
1.10400000	 0.41131000	 0.73166667	 0.00000222	 0.62500000	 0.02561199
1.12800000	 0.42905000	 0.74666667	 0.00002818	 0.62500000	 0.02463512
1.15200000	 0.44715000	 0.76166667	 0.00001811	 0.62500000	 0.02366205
1.17600000	 0.46561000	 0.77666667	 0.00002788	 0.62500000	 0.02269277
1.20000000	 0.48443000	 0.79166667	 0.00010972	 0.62065972	 0.02606753
1.22400000	 0.50361000	 0.80645833	 0.00001899	 0.61631944	 0.02944603
1.24800000	 0.52314000	 0.82125000	 0.00003606	 0.61631944	 0.02848800
1.27200000	 0.54303000	 0.83604167	 0.00005553	 0.61631944	 0.02753367
1.29600000	 0.56327000	 0.85083333	 0.00003949	 0.61631944	 0.02658304
1.32000000	 0.58387000	 0.86562500	 0.00001197	 0.61197917	 0.02997636
1.34400000	 0.60482000	 0.88020833	 0.00010958	 0.61197917	 0.02903307
1.36800000	 0.62612000	 0.89500000	 0.00001246	 0.61631944	 0.02375314
1.39200000	 0.64778000	 0.90979167	 0.00016967	 0.60763889	 0.03149767
1.41600000	 0.66979000	 0.92416667	 0.00005471	 0.60329861	 0.03490553
1.44000000	 0.69214000	 0.93875000	 0.00003576	 0.60763889	 0.02963642
1.46400000	 0.71485000	 0.95333333	 0.00001810	 0.60329861	 0.03305144
1.48800000	 0.73790000	 0.96770833	 0.00010154	 0.60329861	 0.03212974
1.51200000	 0.76130000	 0.98229167	 0.00002189	 0.60329861	 0.03121159
1.53600000	 0.78505000	 0.99666667	 0.00002834	 0.59895833	 0.03463723
1.56000000	 0.80914000	 1.01104167	 0.00004400	 0.59895833	 0.03372610
1.58400000	 0.83358000	 1.02541667	 0.00002516	 0.59895833	 0.03281846
1.60800000	 0.85836000	 1.03979167	 0.00002809	 0.59895833	 0.03191429
1.63200000	 0.88349000	 1.05416667	 0.00011568	 0.59461806	 0.03535386
1.65600000	 0.90896000	 1.06833333	 0.00002918	 0.59027778	 0.03879687
1.68000000	 0.93477000	 1.08250000	 0.00002316	 0.59027778	 0.03790302
1.70400000	 0.96092000	 1.09666667	 0.00004141	 0.59027778	 0.03701258
1.72800000	 0.98741000	 1.11083333	 0.00002565	 0.59027778	 0.03612554
1.75200000	 1.01424000	 1.12500000	 0.00002402	 0.58593750	 0.03958215
1.77600000	 1.04141000	 1.13895833	 0.00010079	 0.58593750	 0.03870184
1.80000000	 1.06891000	 1.15312500	 0.00001648	 0.59027778	 0.03348460
1.82400000	 1.09676000	 1.16729167	 0.00016743	 0.58159722	 0.04129152
1.84800000	 1.12494000	 1.18104167	 0.00006468	 0.57725694	 0.04476147
1.87200000	 1.15345000	 1.19500000	 0.00005495	 0.58159722	 0.03955417
1.89600000	 1.18230000	 1.20895833	 0.00001178	 0.58159722	 0.03869043
1.92000000	 1.21148000	 1.22291667	 0.00006475	 0.57725694	 0.04217023
1.94400000	 1.24100000	 1.23666667	 0.00003378	 0.57291667	 0.04565329
1.96800000	 1.27084000	 1.25041667	 0.00009912	 0.57725694	 0.04045903
1.99200000	 1.30102000	 1.26437500	 0.00007700	 0.57725694	 0.03960826
2.01600000	 1.33153000	 1.27812500	 0.00007782	 0.56857639	 0.04744126
2.04000000	 1.36237000	 1.29166667	 0.00009674	 0.56857639	 0.04659690
2.06400000	 1.39353000	 1.30541667	 0.00003008	 0.57291667	 0.04141543
2.08800000	 1.42503000	 1.31916667	 0.00006938	 0.56857639	 0.04491769
2.11200000	 1.45685000	 1.33270833	 0.00000677	 0.56423611	 0.04842309
2.13600000	 1.48900000	 1.34625000	 0.00005028	 0.56423611	 0.04759134
2.16000000	 1.52147000	 1.35979167	 0.00006122	 0.56423611	 0.04676272
2.18400000	 1.55427000	 1.37333333	 0.00003968	 0.56423611	 0.04593720
2.20800000	 1.58739000	 1.38687500	 0.00001428	 0.56423611	 0.04511477
2.23200000	 1.62084000	 1.40041667	 0.00010056	 0.55989583	 0.04863570
2.25600000	 1.65461000	 1.41375000	 0.00001077	 0.55555556	 0.05215968
2.28000000	 1.68870000	 1.42708333	 0.00004685	 0.55555556	 0.05134644
2.30400000	 1.72311000	 1.44041667	 0.00007237	 0.55555556	 0.05053623
2.32800000	 1.75784000	 1.45375000	 0.00006586	 0.55555556	 0.04972904
2.35200000	 1.79289000	 1.46708333	 0.00002741	 0.55555556	 0.04892485
2.37600000	 1.82826000	 1.48041667	 0.00004291	 0.55555556	 0.04812366
2.40000000	 1.86395000	 1.49375000	 0.00014503	 0.55121528	 0.05166573
2.42400000	 1.89996000	 1.50687500	 0.00007053	 0.54253472	 0.05955103
2.44800000	 1.93628000	 1.51979167	 0.00018067	 0.54687500	 0.05441846
2.47200000	 1.97291000	 1.53312500	 0.00001637	 0.55121528	 0.04928882
2.49600000	 2.00987000	 1.54625000	 0.00003656	 0.54253472	 0.05718295
2.52000000	 2.04713000	 1.55916667	 0.00012017	 0.54253472	 0.05639942
2.54400000	 2.08471000	 1.57229167	 0.00003722	 0.54687500	 0.05127852
2.56800000	 2.12260000	 1.58541667	 0.00007699	 0.54253472	 0.05484106
2.59200000	 2.16081000	 1.59833333	 0.00001405	 0.53819444	 0.05840647
2.61600000	 2.19932000	 1.61125000	 0.00001777	 0.53819444	 0.05763446
2.64000000	 2.23815000	 1.62416667	 0.00001856	 0.53819444	 0.05686530
2.66400000	 2.27728000	 1.63708333	 0.00001163	 0.53819444	 0.05609897
2.68800000	 2.31673000	 1.65000000	 0.00007270	 0.53385417	 0.05967574
2.71200000	 2.35648000	 1.66270833	 0.00004375	 0.53385417	 0.05891504
2.73600000	 2.39654000	 1.67562500	 0.00007888	 0.53385417	 0.05815713
2.76000000	 2.43691000	 1.68833333	 0.00002385	 0.52517361	 0.06608257
2.78400000	 2.47758000	 1.70083333	 0.00020892	 0.52951389	 0.06098993
2.80800000	 2.51855000	 1.71375000	 0.00000549	 0.53385417	 0.05590006
2.83200000	 2.55984000	 1.72645833	 0.00004203	 0.52517361	 0.06383376
2.85600000	 2.60142000	 1.73895833	 0.00009940	 0.52517361	 0.06308964
2.88000000	 2.64331000	 1.75166667	 0.00000219	 0.52951389	 0.05800797
2.90400000	 2.68550000	 1.76437500	 0.00012525	 0.52517361	 0.06160956
2.92800000	 2.72800000	 1.77687500	 0.00007452	 0.51649306	 0.06955412
2.95200000	 2.77079000	 1.78916667	 0.00015446	 0.52083333	 0.06448053
2.97600000	 2.81388000	 1.80187500	 0.00006324	 0.52517361	 0.05940961
3.00000000	 2.85728000	 1.81437500	 0.00010254	 0.51649306	 0.06736219
3.02400000	 2.90097000	 1.82666667	 0.00003661	 0.51215278	 0.07097714
3.04800000	 2.94496000	 1.83895833	 0.00014597	 0.51649306	 0.06591417
3.07200000	 2.98924000	 1.85145833	 0.00001727	 0.52083333	 0.06085383
3.09600000	 3.03383000	 1.86395833	 0.00014109	 0.51215278	 0.06881693
3.12000000	 3.07871000	 1.87604167	 0.00008764	 0.50781250	 0.07244235
3.14400000	 3.12388000	 1.88833333	 0.00007851	 0.51215278	 0.06738981
3.16800000	 3.16935000	 1.90062500	 0.00003995	 0.51215278	 0.06668013
3.19200000	 3.21511000	 1.91291667	 0.00002799	 0.51215278	 0.06597301
3.21600000	 3.26117000	 1.92520833	 0.00012523	 0.50781250	 0.06960872
3.24000000	 3.30752000	 1.93729167	 0.00004336	 0.50347222	 0.07324698
3.26400000	 3.35416000	 1.94937500	 0.00000934	 0.50347222	 0.07254750
3.28800000	 3.40109000	 1.96145833	 0.00003295	 0.50347222	 0.07185054
3.31200000	 3.44831000	 1.97354167	 0.00002754	 0.50347222	 0.07115609
3.33600000	 3.49582000	 1.98562500	 0.00000683	 0.49913194	 0.07480441
3.36000000	 3.54362000	 1.99750000	 0.00013826	 0.49913194	 0.07411495
3.38400000	 3.59170000	 2.00958333	 0.00004620	 0.50347222	 0.06908769
3.40800000	 3.64008000	 2.02166667	 0.00007461	 0.49913194	 0.07274345
3.43200000	 3.68874000	 2.03354167	 0.00001575	 0.49479167	 0.07640167
3.45600000	 3.73769000	 2.04541667	 0.00001449	 0.49479167	 0.07572205
3.48000000	 3.78692000	 2.05729167	 0.00001620	 0.49479167	 0.07504487
3.50400000	 3.83644000	 2.06916667	 0.00001056	 0.49479167	 0.07437012
3.52800000	 3.88624000	 2.08104167	 0.00006573	 0.49045139	 0.07803805
3.55200000	 3.93633000	 2.09270833	 0.00005911	 0.48611111	 0.08170839
3.57600000	 3.98669000	 2.10437500	 0.00015568	 0.49045139	 0.07670057
3.60000000	 4.03734000	 2.11625000	 0.00001572	 0.49479167	 0.07169512
3.62400000	 4.08827000	 2.12812500	 0.00015237	 0.49045139	 0.07537261
3.64800000	 4.13949000	 2.13979167	 0.00014020	 0.48177083	 0.08339273
3.67200000	 4.19098000	 2.15125000	 0.00005232	 0.48177083	 0.08273465
3.69600000	 4.24275000	 2.16291667	 0.00000858	 0.48177083	 0.08207891
3.72000000	 4.29480000	 2.17437500	 0.00014530	 0.48177083	 0.08142551
3.74400000	 4.34712000	 2.18604167	 0.00004590	 0.48611111	 0.07643414
3.76800000	 4.39973000	 2.19770833	 0.00008123	 0.48177083	 0.08012564
3.79200000	 4.45261000	 2.20916667	 0.00002769	 0.47743056	 0.08381944
3.81600000	 4.50577000	 2.22062500	 0.00000174	 0.47743056	 0.08317526
3.84000000	 4.55920000	 2.23208333	 0.00000332	 0.47743056	 0.08253335
3.86400000	 4.61291000	 2.24354167	 0.00003237	 0.47309028	 0.08623400
3.88800000	 4.66689000	 2.25479167	 0.00011952	 0.47309028	 0.08559663
3.91200000	 4.72114000	 2.26625000	 0.00003575	 0.47743056	 0.08062123
3.93600000	 4.77567000	 2.27770833	 0.00007530	 0.47309028	 0.08432863
3.96000000	 4.83047000	 2.28895833	 0.00000520	 0.46875000	 0.08803826
3.98400000	 4.88554000	 2.30020833	 0.00003775	 0.46875000	 0.08740984
4.00800000	 4.94088000	 2.31145833	 0.00005364	 0.46875000	 0.08678362
4.03200000	 4.99649000	 2.32270833	 0.00004251	 0.46875000	 0.08615962
4.05600000	 5.05237000	 2.33395833	 0.00000445	 0.46875000	 0.08553781
4.08000000	 5.10852000	 2.34520833	 0.00006049	 0.46440972	 0.08925846
4.10400000	 5.16494000	 2.35625000	 0.00005610	 0.46440972	 0.08864100
4.12800000	 5.22162000	 2.36750000	 0.00006240	 0.46440972	 0.08802572
4.15200000	 5.27858000	 2.37854167	 0.00000075	 0.46006944	 0.09175287
4.17600000	 5.33579000	 2.38958333	 0.00003728	 0.46440972	 0.08680161
4.20000000	 5.39328000	 2.40083333	 0.00016107	 0.46006944	 0.09053304
4.22400000	 5.45103000	 2.41166667	 0.00003075	 0.45572917	 0.09426661
4.24800000	 5.50904000	 2.42270833	 0.00001220	 0.45572917	 0.09366201
4.27200000	 5.56732000	 2.43354167	 0.00012683	 0.45572917	 0.09305953
4.29600000	 5.62585000	 2.44458333	 0.00003121	 0.46006944	 0.08811888
4.32000000	 5.68466000	 2.45562500	 0.00009064	 0.45138889	 0.09620115
4.34400000	 5.74372000	 2.46625000	 0.00017800	 0.45138889	 0.09560495
4.36800000	 5.80304000	 2.47729167	 0.00000386	 0.46006944	 0.08633027
4.39200000	 5.86263000	 2.48833333	 0.00019633	 0.45138889	 0.09441877
4.41600000	 5.92248000	 2.49895833	 0.00000584	 0.44270833	 0.10250932
4.44000000	 5.98258000	 2.50958333	 0.00015872	 0.44704861	 0.09758110
4.46400000	 6.04294000	 2.52041667	 0.00008909	 0.45138889	 0.09265491
4.48800000	 6.10356000	 2.53125000	 0.00000635	 0.45138889	 0.09207104
4.51200000	 6.16444000	 2.54208333	 0.00012753	 0.44704861	 0.09582946
4.53600000	 6.22558000	 2.55270833	 0.00006605	 0.44270833	 0.09958991
4.56000000	 6.28697000	 2.56333333	 0.00003019	 0.44270833	 0.09901208
4.58400000	 6.34862000	 2.57395833	 0.00001989	 0.43836806	 0.10277653
4.60800000	 6.41052000	 2.58437500	 0.00017326	 0.43836806	 0.10220269
4.63200000	 6.47267000	 2.59500000	 0.00013263	 0.44704861	 0.09295027
4.65600000	 6.53508000	 2.60583333	 0.00014169	 0.44270833	 0.09672067
4.68000000	 6.59775000	 2.61625000	 0.00002467	 0.43402778	 0.10483330
4.70400000	 6.66066000	 2.62666667	 0.00006711	 0.43836806	 0.09992706
4.72800000	 6.72383000	 2.63729167	 0.00007463	 0.43836806	 0.09936305
4.75200000	 6.78725000	 2.64770833	 0.00003318	 0.43402778	 0.10314126
4.77600000	 6.85092000	 2.65812500	 0.00001679	 0.43402778	 0.10258112
4.80000000	 6.91484000	 2.66854167	 0.00002541	 0.42968750	 0.10636318
4.82400000	 6.97901000	 2.67875000	 0.00014935	 0.42968750	 0.10580688
4.84800000	 7.04342000	 2.68916667	 0.00009089	 0.43402778	 0.10091222
4.87200000	 7.10809000	 2.69958333	 0.00000760	 0.43402778	 0.10035973
4.89600000	 7.17300000	 2.71000000	 0.00010046	 0.42968750	 0.10414941
4.92000000	 7.23817000	 2.72020833	 0.00002489	 0.42534722	 0.10794098
4.94400000	 7.30357000	 2.73041667	 0.00002602	 0.42968750	 0.10305387
4.96800000	 7.36923000	 2.74083333	 0.00015600	 0.42534722	 0.10684918
4.99200000	 7.43513000	 2.75083333	 0.00005412	 0.42100694	 0.11064636
5.01600000	 7.50127000	 2.76104167	 0.00003143	 0.42534722	 0.10576483
5.04000000	 7.56766000	 2.77125000	 0.00001568	 0.42100694	 0.10956571
5.06400000	 7.63429000	 2.78125000	 0.00012119	 0.42100694	 0.10902815
5.08800000	 7.70116000	 2.79145833	 0.00002542	 0.42534722	 0.10415214
5.11200000	 7.76828000	 2.80166667	 0.00009458	 0.42100694	 0.10795851
5.13600000	 7.83564000	 2.81166667	 0.00003044	 0.41666667	 0.11176670
5.16000000	 7.90324000	 2.82166667	 0.00000958	 0.41666667	 0.11123642
5.18400000	 7.97108000	 2.83166667	 0.00002554	 0.41666667	 0.11070793
5.20800000	 8.03916000	 2.84166667	 0.00001748	 0.41666667	 0.11018125
5.23200000	 8.10748000	 2.85166667	 0.00001453	 0.41666667	 0.10965635
5.25600000	 8.17604000	 2.86166667	 0.00007043	 0.41232639	 0.11347351
5.28000000	 8.24484000	 2.87145833	 0.00005816	 0.40798611	 0.11729243
5.30400000	 8.31387000	 2.88125000	 0.00016298	 0.41232639	 0.11243257
5.32800000	 8.38314000	 2.89125000	 0.00003573	 0.41666667	 0.10757447
5.35200000	 8.45265000	 2.90125000	 0.00011518	 0.41232639	 0.11139867
5.37600000	 8.52240000	 2.91104167	 0.00008136	 0.40364583	 0.11956489
5.40000000	 8.59238000	 2.92062500	 0.00013723	 0.40364583	 0.11905230
5.42400000	 8.66259000	 2.93041667	 0.00012400	 0.41232639	 0.10986088
5.44800000	 8.73304000	 2.94041667	 0.00012101	 0.40798611	 0.11369201
5.47200000	 8.80373000	 2.95000000	 0.00002726	 0.39930556	 0.12186513
5.49600000	 8.87464000	 2.95958333	 0.00015221	 0.40798611	 0.11267886
5.52000000	 8.94579000	 2.96958333	 0.00016278	 0.40798611	 0.11217484
5.54400000	 9.01718000	 2.97916667	 0.00008432	 0.39496528	 0.12469334
5.56800000	 9.08879000	 2.98854167	 0.00017931	 0.39930556	 0.11985243
5.59200000	 9.16063000	 2.99833333	 0.00000317	 0.40798611	 0.11067291
5.61600000	 9.23271000	 3.00812500	 0.00019602	 0.39930556	 0.11885619
5.64000000	 9.30502000	 3.01750000	 0.00000154	 0.39062500	 0.12704113
5.66400000	 9.37755000	 3.02687500	 0.00017001	 0.39930556	 0.11786661
5.68800000	 9.45031000	 3.03666667	 0.00009800	 0.39930556	 0.11737431
5.71200000	 9.52331000	 3.04604167	 0.00002783	 0.39062500	 0.12556421
5.73600000	 9.59652000	 3.05541667	 0.00013088	 0.39496528	 0.12073492
5.76000000	 9.66997000	 3.06500000	 0.00000288	 0.39496528	 0.12024754
5.78400000	 9.74364000	 3.07437500	 0.00006055	 0.39496528	 0.11976178
5.80800000	 9.81754000	 3.08395833	 0.00011272	 0.39496528	 0.11927765
5.83200000	 9.89167000	 3.09333333	 0.00010022	 0.38628472	 0.12747569
5.85600000	 9.96602000	 3.10250000	 0.00009811	 0.38628472	 0.12699477
5.88000000	 10.04059000	 3.11187500	 0.00006566	 0.39062500	 0.12217519
5.90400000	 10.11539000	 3.12125000	 0.00001081	 0.39062500	 0.12169747
5.92800000	 10.19041000	 3.13062500	 0.00006637	 0.39062500	 0.12122134
5.95200000	 10.26566000	 3.14000000	 0.00016585	 0.38194444	 0.12942736
5.97600000	 10.34113000	 3.14895833	 0.00012911	 0.37760417	 0.13329467
6.00000000	 10.41681000	 3.15812500	 0.00019355	 0.39062500	 0.11980243
6.02400000	 10.49272000	 3.16770833	 0.00018081	 0.39062500	 0.11933260
6.04800000	 10.56886000	 3.17687500	 0.00016057	 0.37760417	 0.13188515
6.07200000	 10.64521000	 3.18583333	 0.00004598	 0.37760417	 0.13141843
6.09600000	 10.72178000	 3.19500000	 0.00002223	 0.38194444	 0.12661297
6.12000000	 10.79857000	 3.20416667	 0.00002344	 0.37760417	 0.13048960
6.14400000	 10.87558000	 3.21312500	 0.00011736	 0.37760417	 0.13002749
6.16800000	 10.95280000	 3.22229167	 0.00002801	 0.38194444	 0.12522663
6.19200000	 11.03025000	 3.23145833	 0.00008309	 0.37760417	 0.12910784
6.21600000	 11.10791000	 3.24041667	 0.00000757	 0.37326389	 0.13299057
6.24000000	 11.18579000	 3.24937500	 0.00004630	 0.37326389	 0.13253453
6.26400000	 11.26388000	 3.25833333	 0.00007856	 0.37760417	 0.12773971
6.28800000	 11.34219000	 3.26750000	 0.00011906	 0.37326389	 0.13162695
6.31200000	 11.42072000	 3.27625000	 0.00007848	 0.36892361	 0.13551567
6.33600000	 11.49945000	 3.28520833	 0.00004624	 0.37326389	 0.13072533
6.36000000	 11.57841000	 3.29416667	 0.00000739	 0.36892361	 0.13461702
6.38400000	 11.65757000	 3.30291667	 0.00012596	 0.36892361	 0.13416991
6.40800000	 11.73695000	 3.31187500	 0.00002969	 0.37326389	 0.12938398
6.43200000	 11.81654000	 3.32083333	 0.00008783	 0.36892361	 0.13328007
6.45600000	 11.89635000	 3.32958333	 0.00001821	 0.36458333	 0.13717762
6.48000000	 11.97636000	 3.33833333	 0.00003027	 0.36892361	 0.13239607
6.50400000	 12.05659000	 3.34729167	 0.00015067	 0.36458333	 0.13629651
6.52800000	 12.13703000	 3.35583333	 0.00006401	 0.36024306	 0.14019839
6.55200000	 12.21767000	 3.36458333	 0.00004937	 0.36458333	 0.13542115
6.57600000	 12.29853000	 3.37333333	 0.00001379	 0.36458333	 0.13498561
6.60000000	 12.37959000	 3.38208333	 0.00004267	 0.36458333	 0.13455150
6.62400000	 12.46087000	 3.39083333	 0.00011998	 0.36024306	 0.13845908
6.64800000	 12.54235000	 3.39937500	 0.00000975	 0.35590278	 0.14236807
6.67200000	 12.62404000	 3.40791667	 0.00007975	 0.35590278	 0.14193819
6.69600000	 12.70593000	 3.41645833	 0.00014855	 0.36024306	 0.13716944
6.72000000	 12.78803000	 3.42520833	 0.00001162	 0.36024306	 0.13674235
6.74400000	 12.87034000	 3.43375000	 0.00001596	 0.35590278	 0.14065693
6.76800000	 12.95285000	 3.44229167	 0.00002299	 0.35590278	 0.14023262
6.79200000	 13.03557000	 3.45083333	 0.00000953	 0.35590278	 0.13980969
6.81600000	 13.11849000	 3.45937500	 0.00002437	 0.35590278	 0.13938813
6.84000000	 13.20162000	 3.46791667	 0.00007867	 0.35156250	 0.14330821
6.86400000	 13.28495000	 3.47625000	 0.00005502	 0.35156250	 0.14288938
6.88800000	 13.36848000	 3.48479167	 0.00003992	 0.35156250	 0.14247190
6.91200000	 13.45222000	 3.49312500	 0.00005323	 0.34722222	 0.14639606
6.93600000	 13.53615000	 3.50145833	 0.00012618	 0.35156250	 0.14164101
6.96000000	 13.62029000	 3.51000000	 0.00002936	 0.35156250	 0.14122757
6.98400000	 13.70463000	 3.51833333	 0.00000333	 0.34722222	 0.14515576
7.00800000	 13.78917000	 3.52666667	 0.00001597	 0.34722222	 0.14474499
7.03200000	 13.87391000	 3.53500000	 0.00000861	 0.34722222	 0.14433555
7.05600000	 13.95885000	 3.54333333	 0.00001872	 0.34722222	 0.14392743
7.08000000	 14.04399000	 3.55166667	 0.00006596	 0.34722222	 0.14352063
7.10400000	 14.12933000	 3.56000000	 0.00013305	 0.34288194	 0.14745541
7.12800000	 14.21487000	 3.56812500	 0.00001163	 0.33854167	 0.15139151
7.15200000	 14.30060000	 3.57625000	 0.00009002	 0.34288194	 0.14664834
7.17600000	 14.38653000	 3.58458333	 0.00003638	 0.34288194	 0.14624675
7.20000000	 14.47266000	 3.59270833	 0.00002587	 0.33854167	 0.15018673
7.22400000	 14.55898000	 3.60083333	 0.00006851	 0.34288194	 0.14544744
7.24800000	 14.64550000	 3.60916667	 0.00011677	 0.34288194	 0.14504971
7.27200000	 14.73222000	 3.61729167	 0.00011325	 0.33420139	 0.15333381
7.29600000	 14.81913000	 3.62520833	 0.00007912	 0.33420139	 0.15293863
7.32000000	 14.90623000	 3.63333333	 0.00004372	 0.33854167	 0.14820443
7.34400000	 14.99353000	 3.64145833	 0.00001107	 0.33420139	 0.15215205
7.36800000	 15.08102000	 3.64937500	 0.00012312	 0.33420139	 0.15176066
7.39200000	 15.16870000	 3.65750000	 0.00002968	 0.33854167	 0.14703023
7.41600000	 15.25658000	 3.66562500	 0.00008301	 0.33420139	 0.15098161
7.44000000	 15.34465000	 3.67354167	 0.00000657	 0.32986111	 0.15493423
7.46400000	 15.43291000	 3.68145833	 0.00005071	 0.32986111	 0.15454781
7.48800000	 15.52136000	 3.68937500	 0.00008887	 0.33420139	 0.14982235
7.51200000	 15.61000000	 3.69750000	 0.00010037	 0.33420139	 0.14943839
7.53600000	 15.69884000	 3.70541667	 0.00010030	 0.32552083	 0.15773621
7.56000000	 15.78786000	 3.71312500	 0.00008913	 0.32552083	 0.15735470
7.58400000	 15.87707000	 3.72104167	 0.00005129	 0.32986111	 0.15263412
7.60800000	 15.96647000	 3.72895833	 0.00000544	 0.32986111	 0.15225503
7.63200000	 16.05606000	 3.73687500	 0.00008100	 0.32552083	 0.15621743
7.65600000	 16.14584000	 3.74458333	 0.00003297	 0.32118056	 0.16018102
7.68000000	 16.23580000	 3.75229167	 0.00012819	 0.32552083	 0.15546526
7.70400000	 16.32595000	 3.76020833	 0.00000363	 0.32986111	 0.15075068
7.72800000	 16.41629000	 3.76812500	 0.00015412	 0.32552083	 0.15471785
7.75200000	 16.50682000	 3.77583333	 0.00011488	 0.31684028	 0.16302649
7.77600000	 16.59753000	 3.78333333	 0.00011412	 0.31684028	 0.16265574
7.80000000	 16.68842000	 3.79104167	 0.00011625	 0.32552083	 0.15360561
7.82400000	 16.77950000	 3.79895833	 0.00010843	 0.32118056	 0.15757749
7.84800000	 16.87077000	 3.80645833	 0.00006512	 0.31684028	 0.16155053
7.87200000	 16.96221000	 3.81416667	 0.00001194	 0.32118056	 0.15684418
7.89600000	 17.05385000	 3.82187500	 0.00005959	 0.31684028	 0.16081954
7.92000000	 17.14566000	 3.82937500	 0.00005891	 0.31684028	 0.16045577
7.94400000	 17.23766000	 3.83708333	 0.00004919	 0.31684028	 0.16009315
7.96800000	 17.32984000	 3.84458333	 0.00003283	 0.31250000	 0.16407195
7.99200000	 17.42220000	 3.85208333	 0.00009667	 0.31684028	 0.15937134
8.01600000	 17.51474000	 3.85979167	 0.00006595	 0.31684028	 0.15901214
8.04000000	 17.60747000	 3.86729167	 0.00003833	 0.31250000	 0.16299435
8.06400000	 17.70037000	 3.87479167	 0.00002876	 0.31250000	 0.16263741
8.08800000	 17.79346000	 3.88229167	 0.00003718	 0.30815972	 0.16662187
8.11200000	 17.88672000	 3.88958333	 0.00014477	 0.30815972	 0.16626717
8.13600000	 17.98016000	 3.89708333	 0.00010047	 0.31250000	 0.16157330
8.16000000	 18.07378000	 3.90458333	 0.00003830	 0.31250000	 0.16122083
8.18400000	 18.16758000	 3.91208333	 0.00004170	 0.31250000	 0.16086945
8.20800000	 18.26156000	 3.91958333	 0.00013948	 0.30815972	 0.16485946
8.23200000	 18.35572000	 3.92687500	 0.00004668	 0.30381944	 0.16885057
8.25600000	 18.45005000	 3.93416667	 0.00002842	 0.30381944	 0.16850249
8.28000000	 18.54456000	 3.94145833	 0.00008586	 0.30381944	 0.16815551
8.30400000	 18.63924000	 3.94875000	 0.00012569	 0.30815972	 0.16346933
8.32800000	 18.73410000	 3.95625000	 0.00006039	 0.30815972	 0.16312451
8.35200000	 18.82914000	 3.96354167	 0.00005567	 0.30381944	 0.16712104
8.37600000	 18.92435000	 3.97083333	 0.00006844	 0.30381944	 0.16677838
8.40000000	 19.01974000	 3.97812500	 0.00009866	 0.29947917	 0.17077706
8.42400000	 19.11530000	 3.98520833	 0.00006204	 0.29947917	 0.17043652
8.44800000	 19.21103000	 3.99250000	 0.00000295	 0.30381944	 0.16575678
8.47200000	 19.30694000	 3.99979167	 0.00008526	 0.29947917	 0.16975864
8.49600000	 19.40302000	 4.00687500	 0.00002348	 0.29513889	 0.17376156
8.52000000	 19.49927000	 4.01395833	 0.00011497	 0.29947917	 0.16908498
8.54400000	 19.59569000	 4.02125000	 0.00001906	 0.29947917	 0.16874972
8.56800000	 19.69229000	 4.02833333	 0.00003808	 0.29513889	 0.17275578
8.59200000	 19.78905000	 4.03541667	 0.00007810	 0.29947917	 0.16808232
8.61600000	 19.88599000	 4.04270833	 0.00010728	 0.29513889	 0.17209045
8.64000000	 19.98310000	 4.04958333	 0.00010696	 0.29079861	 0.17609962
8.66400000	 20.08037000	 4.05666667	 0.00009588	 0.29947917	 0.16708898
8.68800000	 20.17782000	 4.06395833	 0.00014048	 0.29513889	 0.17110019
8.71200000	 20.27544000	 4.07083333	 0.00002290	 0.29079861	 0.17511243
8.73600000	 20.37322000	 4.07791667	 0.00003891	 0.29513889	 0.17044512
8.76000000	 20.47118000	 4.08500000	 0.00011756	 0.29079861	 0.17445939
8.78400000	 20.56930000	 4.09187500	 0.00000467	 0.28645833	 0.17847466
8.80800000	 20.66759000	 4.09875000	 0.00009147	 0.28645833	 0.17815066
8.83200000	 20.76604000	 4.10562500	 0.00017091	 0.29079861	 0.17348739
8.85600000	 20.86466000	 4.11270833	 0.00002533	 0.29513889	 0.16882511
8.88000000	 20.96345000	 4.11979167	 0.00013687	 0.29079861	 0.17284439
8.90400000	 21.06241000	 4.12666667	 0.00010733	 0.28211806	 0.18120493
8.92800000	 21.16153000	 4.13333333	 0.00011399	 0.28211806	 0.18088590
8.95200000	 21.26081000	 4.14020833	 0.00011047	 0.29079861	 0.17188730
8.97600000	 21.36026000	 4.14729167	 0.00011786	 0.28645833	 0.17591052
9.00000000	 21.45988000	 4.15395833	 0.00005405	 0.28211806	 0.17993471
9.02400000	 21.55965000	 4.16083333	 0.00000123	 0.28645833	 0.17527932
9.04800000	 21.65960000	 4.16770833	 0.00006794	 0.28211806	 0.17930545
9.07200000	 21.75970000	 4.17437500	 0.00005490	 0.28211806	 0.17899228
9.09600000	 21.85997000	 4.18125000	 0.00004686	 0.28211806	 0.17868006
9.12000000	 21.96040000	 4.18791667	 0.00004347	 0.27777778	 0.18270908
9.14400000	 22.06099000	 4.19458333	 0.00011761	 0.28211806	 0.17805850
9.16800000	 22.16174000	 4.20145833	 0.00003275	 0.28211806	 0.17774916
9.19200000	 22.26266000	 4.20812500	 0.00000911	 0.27777778	 0.18178103
9.21600000	 22.36373000	 4.21479167	 0.00003489	 0.28211806	 0.17713330
9.24000000	 22.46497000	 4.22166667	 0.00016371	 0.27777778	 0.18116707
9.26400000	 22.56637000	 4.22812500	 0.00003836	 0.27343750	 0.18520177
9.28800000	 22.66792000	 4.23479167	 0.00001612	 0.27777778	 0.18055685
9.31200000	 22.76964000	 4.24145833	 0.00002204	 0.27343750	 0.18459343
9.33600000	 22.87151000	 4.24791667	 0.00013224	 0.27343750	 0.18429065
9.36000000	 22.97354000	 4.25458333	 0.00006234	 0.27777778	 0.17964852
9.38400000	 23.07573000	 4.26125000	 0.00002338	 0.27777778	 0.17934759
9.40800000	 23.17808000	 4.26791667	 0.00012487	 0.27343750	 0.18338785
9.43200000	 23.28059000	 4.27437500	 0.00003377	 0.26909722	 0.18742903
9.45600000	 23.38325000	 4.28083333	 0.00004163	 0.27343750	 0.18279057
9.48000000	 23.48607000	 4.28750000	 0.00010696	 0.27343750	 0.18249329
9.50400000	 23.58905000	 4.29395833	 0.00006284	 0.26475694	 0.19087748
9.52800000	 23.69218000	 4.30020833	 0.00017402	 0.26909722	 0.18624173
9.55200000	 23.79546000	 4.30687500	 0.00002133	 0.27343750	 0.18160689
9.57600000	 23.89891000	 4.31333333	 0.00002386	 0.26475694	 0.18999377
9.60000000	 24.00250000	 4.31958333	 0.00016646	 0.26909722	 0.18536071
9.62400000	 24.10625000	 4.32625000	 0.00007531	 0.27343750	 0.18072854
9.64800000	 24.21016000	 4.33270833	 0.00012416	 0.26475694	 0.18911810
9.67200000	 24.31422000	 4.33895833	 0.00001996	 0.26041667	 0.19316825
9.69600000	 24.41843000	 4.34520833	 0.00014876	 0.26475694	 0.18853873
9.72000000	 24.52279000	 4.35166667	 0.00005393	 0.26909722	 0.18391009
9.74400000	 24.62731000	 4.35812500	 0.00005616	 0.26475694	 0.18796288
9.76800000	 24.73198000	 4.36437500	 0.00002687	 0.26475694	 0.18767626
9.79200000	 24.83680000	 4.37083333	 0.00011361	 0.26475694	 0.18739051
9.81600000	 24.94178000	 4.37708333	 0.00006090	 0.25607639	 0.19578618
9.84000000	 25.04690000	 4.38312500	 0.00018503	 0.26041667	 0.19116188
9.86400000	 25.15217000	 4.38958333	 0.00000078	 0.26475694	 0.18653844
9.88800000	 25.25760000	 4.39583333	 0.00000671	 0.26041667	 0.19059641
9.91200000	 25.36317000	 4.40208333	 0.00000080	 0.26041667	 0.19031495
9.93600000	 25.46890000	 4.40833333	 0.00002327	 0.26041667	 0.19003434
9.96000000	 25.57477000	 4.41458333	 0.00006067	 0.26041667	 0.18975458
9.98400000	 25.68080000	 4.42083333	 0.00011297	 0.25607639	 0.19381595
10.00800000	 25.78697000	 4.42687500	 0.00002821	 0.25607639	 0.19353787
10.03200000	 25.89329000	 4.43312500	 0.00005376	 0.25607639	 0.19326063
10.05600000	 25.99976000	 4.43916667	 0.00005782	 0.25173611	 0.19732451
10.08000000	 26.10637000	 4.44520833	 0.00015464	 0.25607639	 0.19270866
10.10400000	 26.21313000	 4.45145833	 0.00002842	 0.26041667	 0.18809364
10.12800000	 26.32004000	 4.45770833	 0.00011248	 0.25607639	 0.19216000
10.15200000	 26.42710000	 4.46375000	 0.00005970	 0.25173611	 0.19622719
10.17600000	 26.53430000	 4.46979167	 0.00002152	 0.25173611	 0.19595491
10.20000000	 26.64165000	 4.47583333	 0.00000209	 0.25173611	 0.19568346
10.22400000	 26.74914000	 4.48187500	 0.00001115	 0.25173611	 0.19541282
10.24800000	 26.85678000	 4.48791667	 0.00000571	 0.25173611	 0.19514299
10.27200000	 26.96456000	 4.49395833	 0.00001420	 0.25173611	 0.19487397
10.29600000	 27.07249000	 4.50000000	 0.00004854	 0.24739583	 0.19894604
10.32000000	 27.18056000	 4.50583333	 0.00011105	 0.24739583	 0.19867863
10.34400000	 27.28877000	 4.51187500	 0.00004794	 0.25173611	 0.19407174
10.36800000	 27.39713000	 4.51791667	 0.00002951	 0.24739583	 0.19814621
10.39200000	 27.50563000	 4.52375000	 0.00008709	 0.24739583	 0.19788120
10.41600000	 27.61427000	 4.52979167	 0.00001891	 0.25173611	 0.19327670
10.44000000	 27.72306000	 4.53583333	 0.00013914	 0.24305556	 0.20169382
10.46400000	 27.83199000	 4.54145833	 0.00014310	 0.24305556	 0.20143117
10.48800000	 27.94105000	 4.54750000	 0.00000549	 0.25173611	 0.19248875
10.51200000	 28.05027000	 4.55354167	 0.00016820	 0.24305556	 0.20090823
10.53600000	 28.15962000	 4.55916667	 0.00007167	 0.23871528	 0.20498820
10.56000000	 28.26911000	 4.56500000	 0.00008914	 0.24305556	 0.20038840
10.58400000	 28.37874000	 4.57083333	 0.00009258	 0.24305556	 0.20012965
10.60800000	 28.48851000	 4.57666667	 0.00008204	 0.24739583	 0.19553139
10.63200000	 28.59842000	 4.58270833	 0.00015080	 0.24739583	 0.19527417
10.65600000	 28.70848000	 4.58854167	 0.00018923	 0.23437500	 0.20803856
10.68000000	 28.81867000	 4.59395833	 0.00017512	 0.23437500	 0.20778287
10.70400000	 28.92899000	 4.59979167	 0.00010894	 0.24739583	 0.19450711
10.72800000	 29.03946000	 4.60583333	 0.00017939	 0.24305556	 0.19859322
10.75200000	 29.15007000	 4.61145833	 0.00006485	 0.23437500	 0.20702036
10.77600000	 29.26081000	 4.61708333	 0.00003593	 0.23437500	 0.20676770
10.80000000	 29.37169000	 4.62270833	 0.00012299	 0.23871528	 0.20217551
10.82400000	 29.48270000	 4.62854167	 0.00001198	 0.24305556	 0.19758407
10.84800000	 29.59386000	 4.63437500	 0.00016061	 0.23437500	 0.20601421
10.87200000	 29.70515000	 4.63979167	 0.00009380	 0.23003472	 0.21010481
10.89600000	 29.81657000	 4.64541667	 0.00012628	 0.23871528	 0.20117531
10.92000000	 29.92813000	 4.65125000	 0.00006313	 0.23871528	 0.20092711
10.94400000	 30.03983000	 4.65687500	 0.00005774	 0.23003472	 0.20936020
10.96800000	 30.15166000	 4.66229167	 0.00014249	 0.23003472	 0.20911347
10.99200000	 30.26362000	 4.66791667	 0.00012092	 0.23871528	 0.20018691
11.01600000	 30.37572000	 4.67375000	 0.00012241	 0.23871528	 0.19994163
11.04000000	 30.48796000	 4.67937500	 0.00017081	 0.23003472	 0.20837763
11.06400000	 30.60033000	 4.68479167	 0.00002425	 0.22569444	 0.21247408
11.08800000	 30.71283000	 4.69020833	 0.00010898	 0.23003472	 0.20789069
11.11200000	 30.82546000	 4.69583333	 0.00002057	 0.23437500	 0.20330802
11.13600000	 30.93823000	 4.70145833	 0.00008111	 0.23003472	 0.20740662
11.16000000	 31.05113000	 4.70687500	 0.00001231	 0.22569444	 0.21150593
11.18400000	 31.16416000	 4.71229167	 0.00009251	 0.23003472	 0.20692539
11.20800000	 31.27732000	 4.71791667	 0.00004879	 0.23003472	 0.20668584
11.23200000	 31.39062000	 4.72333333	 0.00000509	 0.22569444	 0.21078727
11.25600000	 31.50404000	 4.72875000	 0.00004586	 0.22569444	 0.21054913
11.28000000	 31.61760000	 4.73416667	 0.00007355	 0.22569444	 0.21031169
11.30400000	 31.73128000	 4.73958333	 0.00008818	 0.23003472	 0.20573467
11.32800000	 31.84510000	 4.74520833	 0.00011853	 0.23003472	 0.20549862
11.35200000	 31.95905000	 4.75062500	 0.00012990	 0.22135417	 0.21394382
11.37600000	 32.07313000	 4.75583333	 0.00005410	 0.22135417	 0.21370916
11.40000000	 32.18733000	 4.76125000	 0.00001685	 0.22569444	 0.20913490
11.42400000	 32.30167000	 4.76666667	 0.00003330	 0.22135417	 0.21324189
11.44800000	 32.41613000	 4.77187500	 0.00011202	 0.22135417	 0.21300929
11.47200000	 32.53072000	 4.77729167	 0.00003617	 0.22569444	 0.20843708
11.49600000	 32.64544000	 4.78270833	 0.00005248	 0.22135417	 0.21254612
11.52000000	 32.76029000	 4.78791667	 0.00005443	 0.22135417	 0.21231555
11.54400000	 32.87526000	 4.79333333	 0.00005973	 0.22135417	 0.21208566
11.56800000	 32.99037000	 4.79854167	 0.00002173	 0.21701389	 0.21619672
11.59200000	 33.10559000	 4.80375000	 0.00009051	 0.22135417	 0.21162789
11.61600000	 33.22095000	 4.80916667	 0.00006169	 0.22135417	 0.21140001
11.64000000	 33.33643000	 4.81437500	 0.00001818	 0.21701389	 0.21551307
11.66400000	 33.45204000	 4.81958333	 0.00001274	 0.21701389	 0.21528652
11.68800000	 33.56777000	 4.82479167	 0.00003110	 0.21701389	 0.21506062
11.71200000	 33.68363000	 4.83000000	 0.00003693	 0.21701389	 0.21483539
11.73600000	 33.79961000	 4.83520833	 0.00003026	 0.21701389	 0.21461082
11.76000000	 33.91572000	 4.84041667	 0.00001113	 0.21701389	 0.21438690
11.78400000	 34.03195000	 4.84562500	 0.00002045	 0.21701389	 0.21416363
11.80800000	 34.14831000	 4.85083333	 0.00006443	 0.21701389	 0.21394101
11.83200000	 34.26479000	 4.85604167	 0.00012079	 0.21267361	 0.21805932
11.85600000	 34.38140000	 4.86104167	 0.00001883	 0.20833333	 0.22217827
11.88000000	 34.49812000	 4.86604167	 0.00014613	 0.21267361	 0.21761732
11.90400000	 34.61497000	 4.87125000	 0.00005280	 0.21701389	 0.21305700
11.92800000	 34.73194000	 4.87645833	 0.00005279	 0.21701389	 0.21283760
11.95200000	 34.84904000	 4.88166667	 0.00017060	 0.16059028	 0.26904245
11.97600000	 34.96626000	 4.88416667	 0.00240771	 0.10416667	 0.32524794
