20.00 20.30 22.87 25.71 28.64 31.60 34.52 37.37 40.12 42.77 45.29 47.68 49.91 52.00 53.93 55.69 57.29 58.72 59.98 61.06 61.96 62.68 63.23 63.59 63.77 63.77 63.59 63.23 62.68 61.96 61.06 59.98 58.72 57.30 55.70 53.93 52.00 49.92 47.68 45.29 42.77 40.13 37.37 34.52 31.60 28.65 25.71 22.87 20.30 20.00
20.00 21.98 24.56 27.39 30.33 33.28 36.20 39.05 41.81 44.46 46.98 49.36 51.60 53.69 55.61 57.38 58.98 60.41 61.66 62.74 63.64 64.37 64.91 65.27 65.46 65.46 65.27 64.91 64.37 63.64 62.74 61.66 60.41 58.98 57.38 55.62 53.69 51.60 49.36 46.98 44.46 41.81 39.06 36.20 33.28 30.33 27.39 24.56 21.98 20.00
20.00 22.83 25.73 28.72 31.74 34.75 37.70 40.58 43.35 46.01 48.55 50.94 53.18 55.28 57.21 58.98 60.58 62.01 63.27 64.35 65.26 65.98 66.52 66.89 67.07 67.07 66.89 66.53 65.98 65.26 64.35 63.27 62.01 60.58 58.98 57.21 55.28 53.19 50.94 48.55 46.02 43.36 40.58 37.71 34.75 31.75 28.72 25.73 22.83 20.00
20.00 23.33 26.57 29.77 32.92 36.02 39.03 41.95 44.76 47.45 50.00 52.41 54.67 56.78 58.72 60.50 62.10 63.54 64.80 65.89 66.79 67.52 68.07 68.43 68.61 68.61 68.43 68.07 67.52 66.80 65.89 64.80 63.54 62.11 60.50 58.72 56.78 54.67 52.41 50.00 47.45 44.77 41.95 39.03 36.02 32.92 29.77 26.57 23.33 20.00
20.00 23.68 27.20 30.60 33.90 37.11 40.20 43.18 46.04 48.76 51.35 53.78 56.06 58.18 60.14 61.93 63.55 64.99 66.26 67.35 68.26 68.99 69.54 69.91 70.09 70.09 69.91 69.54 68.99 68.26 67.35 66.26 64.99 63.55 61.93 60.14 58.18 56.06 53.78 51.35 48.77 46.04 43.19 40.20 37.11 33.91 30.60 27.20 23.68 20.00
20.00 23.95 27.70 31.29 34.73 38.05 41.23 44.29 47.20 49.97 52.59 55.05 57.36 59.50 61.47 63.28 64.91 66.36 67.64 68.74 69.65 70.39 70.94 71.31 71.49 71.49 71.31 70.94 70.39 69.66 68.74 67.64 66.37 64.91 63.28 61.48 59.50 57.36 55.06 52.59 49.97 47.20 44.29 41.24 38.05 34.73 31.29 27.70 23.95 20.00
20.00 24.16 28.10 31.85 35.44 38.87 42.15 45.28 48.25 51.07 53.73 56.23 58.57 60.73 62.73 64.55 66.19 67.66 68.95 70.06 70.98 71.72 72.28 72.65 72.83 72.83 72.65 72.28 71.72 70.98 70.06 68.95 67.66 66.20 64.55 62.73 60.73 58.57 56.23 53.73 51.07 48.25 45.28 42.15 38.87 35.44 31.86 28.10 24.16 20.00
20.00 24.33 28.44 32.34 36.05 39.59 42.96 46.16 49.20 52.08 54.78 57.32 59.69 61.88 63.90 65.74 67.41 68.89 70.19 71.30 72.23 72.98 73.54 73.92 74.10 74.10 73.92 73.54 72.98 72.24 71.30 70.19 68.89 67.41 65.75 63.90 61.89 59.69 57.33 54.79 52.08 49.21 46.17 42.96 39.59 36.05 32.34 28.44 24.33 20.00
20.00 24.48 28.73 32.76 36.59 40.23 43.69 46.97 50.07 53.00 55.75 58.33 60.73 62.96 65.00 66.86 68.55 70.04 71.36 72.48 73.42 74.18 74.74 75.12 75.31 75.31 75.12 74.74 74.18 73.42 72.48 71.36 70.04 68.55 66.87 65.00 62.96 60.74 58.33 55.76 53.00 50.07 46.97 43.69 40.23 36.59 32.76 28.73 24.48 20.00
20.00 24.61 28.98 33.12 37.06 40.79 44.34 47.69 50.86 53.84 56.64 59.27 61.70 63.96 66.03 67.92 69.62 71.13 72.46 73.60 74.55 75.31 75.88 76.26 76.45 76.45 76.26 75.88 75.31 74.55 73.60 72.46 71.13 69.62 67.92 66.03 63.96 61.71 59.27 56.65 53.84 50.86 47.69 44.34 40.80 37.06 33.12 28.98 24.61 20.00
20.00 24.72 29.20 33.45 37.48 41.30 44.92 48.34 51.58 54.62 57.47 60.13 62.60 64.89 66.99 68.90 70.62 72.15 73.49 74.65 75.61 76.37 76.95 77.34 77.53 77.53 77.34 76.95 76.38 75.61 74.65 73.50 72.16 70.62 68.90 66.99 64.89 62.61 60.13 57.47 54.62 51.58 48.35 44.92 41.30 37.48 33.45 29.20 24.72 20.00
20.00 24.82 29.39 33.73 37.85 41.76 45.45 48.94 52.23 55.33 58.22 60.93 63.44 65.76 67.89 69.82 71.56 73.11 74.47 75.63 76.60 77.38 77.96 78.35 78.55 78.55 78.35 77.96 77.38 76.61 75.64 74.47 73.12 71.57 69.82 67.89 65.76 63.44 60.93 58.23 55.33 52.23 48.94 45.45 41.76 37.85 33.74 29.39 24.82 20.00
20.00 24.91 29.57 33.99 38.19 42.17 45.93 49.49 52.83 55.98 58.92 61.67 64.22 66.57 68.72 70.68 72.45 74.01 75.39 76.56 77.55 78.33 78.92 79.31 79.51 79.51 79.31 78.92 78.33 77.55 76.57 75.39 74.02 72.45 70.68 68.72 66.57 64.22 61.67 58.92 55.98 52.84 49.49 45.93 42.17 38.19 33.99 29.57 24.91 20.00
20.00 24.99 29.72 34.23 38.50 42.54 46.37 49.98 53.38 56.58 59.57 62.35 64.94 67.32 69.50 71.49 73.27 74.86 76.25 77.44 78.43 79.22 79.82 80.21 80.41 80.41 80.22 79.82 79.22 78.43 77.44 76.25 74.86 73.27 71.49 69.50 67.32 64.94 62.35 59.57 56.58 53.39 49.98 46.37 42.55 38.50 34.23 29.73 24.99 20.00
20.00 25.06 29.87 34.44 38.78 42.88 46.77 50.44 53.89 57.13 60.16 62.98 65.60 68.02 70.23 72.24 74.04 75.65 77.05 78.26 79.26 80.06 80.66 81.06 81.26 81.26 81.06 80.66 80.06 79.26 78.26 77.05 75.65 74.05 72.24 70.23 68.02 65.61 62.99 60.16 57.13 53.89 50.44 46.77 42.89 38.78 34.44 29.87 25.06 20.00
20.00 25.12 30.00 34.63 39.03 43.20 47.14 50.85 54.35 57.64 60.71 63.57 66.22 68.67 70.90 72.94 74.76 76.39 77.81 79.02 80.04 80.85 81.46 81.86 82.06 82.06 81.86 81.46 80.85 80.04 79.03 77.81 76.39 74.77 72.94 70.91 68.67 66.22 63.57 60.71 57.64 54.36 50.86 47.14 43.20 39.03 34.63 30.00 25.12 20.00
20.00 25.18 30.12 34.81 39.26 43.48 47.47 51.24 54.78 58.11 61.22 64.11 66.80 69.27 71.53 73.59 75.44 77.08 78.51 79.74 80.77 81.58 82.20 82.61 82.81 82.81 82.61 82.20 81.59 80.77 79.74 78.51 77.08 75.44 73.59 71.54 69.27 66.80 64.12 61.22 58.11 54.78 51.24 47.47 43.48 39.26 34.81 30.12 25.18 20.00
20.00 25.24 30.22 34.97 39.47 43.74 47.78 51.59 55.18 58.54 61.69 64.61 67.33 69.83 72.12 74.19 76.06 77.72 79.17 80.41 81.45 82.27 82.89 83.31 83.51 83.51 83.31 82.89 82.28 81.45 80.41 79.17 77.72 76.06 74.20 72.12 69.83 67.33 64.62 61.69 58.54 55.18 51.59 47.78 43.74 39.47 34.97 30.22 25.24 20.00
20.00 25.29 30.32 35.11 39.67 43.98 48.06 51.91 55.54 58.94 62.12 65.08 67.82 70.35 72.66 74.76 76.65 78.32 79.78 81.04 82.08 82.92 83.54 83.96 84.17 84.17 83.96 83.54 82.92 82.08 81.04 79.79 78.32 76.65 74.76 72.66 70.35 67.82 65.08 62.12 58.94 55.54 51.92 48.06 43.98 39.67 35.12 30.32 25.29 20.00
20.00 25.33 30.41 35.25 39.84 44.20 48.32 52.21 55.87 59.31 62.52 65.51 68.28 70.83 73.16 75.28 77.19 78.88 80.36 81.62 82.68 83.52 84.15 84.57 84.78 84.78 84.57 84.15 83.52 82.68 81.62 80.36 78.88 77.19 75.29 73.17 70.83 68.28 65.51 62.52 59.31 55.88 52.21 48.32 44.20 39.85 35.25 30.41 25.33 20.00
20.00 25.37 30.50 35.37 40.01 44.40 48.56 52.49 56.18 59.65 62.89 65.91 68.70 71.27 73.63 75.77 77.69 79.40 80.89 82.16 83.23 84.08 84.71 85.14 85.35 85.35 85.14 84.72 84.08 83.23 82.17 80.89 79.40 77.69 75.77 73.63 71.28 68.70 65.91 62.89 59.65 56.18 52.49 48.56 44.40 40.01 35.37 30.50 25.37 20.00
20.00 25.41 30.57 35.49 40.16 44.59 48.78 52.74 56.46 59.96 63.23 66.27 69.09 71.69 74.06 76.22 78.16 79.88 81.38 82.67 83.74 84.60 85.24 85.67 85.88 85.88 85.67 85.24 84.60 83.74 82.67 81.38 79.88 78.16 76.22 74.07 71.69 69.09 66.27 63.23 59.96 56.47 52.74 48.78 44.59 40.16 35.49 30.57 25.41 20.00
20.00 25.45 30.64 35.59 40.29 44.76 48.98 52.97 56.72 60.25 63.54 66.61 69.45 72.07 74.46 76.63 78.59 80.32 81.84 83.13 84.21 85.08 85.73 86.16 86.37 86.37 86.16 85.73 85.08 84.22 83.14 81.84 80.32 78.59 76.64 74.46 72.07 69.45 66.61 63.54 60.25 56.73 52.97 48.98 44.76 40.30 35.59 30.64 25.45 20.00
20.00 25.48 30.70 35.68 40.42 44.91 49.17 53.18 56.96 60.51 63.83 66.92 69.78 72.42 74.83 77.02 78.99 80.73 82.26 83.57 84.65 85.52 86.18 86.61 86.83 86.83 86.61 86.18 85.53 84.66 83.57 82.26 80.73 78.99 77.02 74.83 72.42 69.78 66.92 63.83 60.51 56.97 53.18 49.17 44.91 40.42 35.69 30.71 25.48 20.00
20.00 25.51 30.76 35.77 40.53 45.05 49.33 53.38 57.18 60.75 64.09 67.20 70.09 72.74 75.17 77.37 79.35 81.11 82.65 83.96 85.06 85.93 86.59 87.03 87.25 87.25 87.03 86.59 85.94 85.06 83.96 82.65 81.11 79.35 77.37 75.17 72.74 70.09 67.21 64.10 60.76 57.18 53.38 49.34 45.06 40.54 35.77 30.76 25.51 20.00
20.00 25.53 30.82 35.85 40.64 45.18 49.49 53.55 57.38 60.98 64.34 67.46 70.36 73.03 75.48 77.70 79.69 81.46 83.00 84.33 85.43 86.31 86.97 87.41 87.63 87.63 87.41 86.97 86.31 85.43 84.33 83.01 81.46 79.69 77.70 75.48 73.04 70.37 67.47 64.34 60.98 57.38 53.56 49.49 45.19 40.64 35.85 30.82 25.53 20.00
20.00 25.56 30.86 35.92 40.73 45.30 49.63 53.72 57.56 61.18 64.56 67.70 70.62 73.30 75.76 77.99 80.00 81.78 83.33 84.66 85.77 86.66 87.32 87.77 87.99 87.99 87.77 87.32 86.66 85.77 84.66 83.33 81.78 80.00 77.99 75.76 73.31 70.62 67.71 64.56 61.18 57.57 53.72 49.63 45.30 40.74 35.92 30.86 25.56 20.00
20.00 25.58 30.91 35.99 40.82 45.41 49.76 53.86 57.73 61.36 64.76 67.92 70.85 73.55 76.02 78.26 80.28 82.07 83.63 84.97 86.08 86.97 87.64 88.09 88.31 88.31 88.09 87.64 86.97 86.08 84.97 83.63 82.07 80.28 78.26 76.02 73.55 70.85 67.92 64.76 61.36 57.73 53.86 49.76 45.41 40.82 35.99 30.91 25.58 20.00
20.00 25.60 30.95 36.05 40.90 45.51 49.87 54.00 57.88 61.53 64.94 68.11 71.06 73.77 76.25 78.51 80.53 82.33 83.90 85.24 86.36 87.26 87.93 88.38 88.60 88.60 88.38 87.93 87.26 86.37 85.25 83.90 82.33 80.53 78.51 76.26 73.77 71.06 68.12 64.94 61.53 57.88 54.00 49.87 45.51 40.90 36.05 30.95 25.60 20.00
20.00 25.62 30.98 36.10 40.97 45.59 49.98 54.11 58.01 61.68 65.10 68.29 71.25 73.97 76.46 78.73 80.76 82.56 84.14 85.49 86.62 87.52 88.19 88.64 88.87 88.87 88.64 88.19 87.52 86.62 85.49 84.14 82.57 80.76 78.73 76.47 73.97 71.25 68.29 65.10 61.68 58.02 54.12 49.98 45.60 40.97 36.10 30.98 25.62 20.00
20.00 25.63 31.01 36.15 41.03 45.67 50.07 54.22 58.13 61.81 65.25 68.45 71.41 74.15 76.65 78.92 80.96 82.78 84.36 85.72 86.85 87.75 88.43 88.88 89.10 89.10 88.88 88.43 87.75 86.85 85.72 84.36 82.78 80.97 78.92 76.65 74.15 71.42 68.45 65.25 61.81 58.14 54.22 50.07 45.67 41.03 36.15 31.02 25.63 20.00
20.00 25.65 31.04 36.19 41.09 45.74 50.15 54.31 58.24 61.93 65.37 68.59 71.56 74.31 76.82 79.10 81.14 82.96 84.55 85.91 87.05 87.95 88.63 89.08 89.31 89.31 89.08 88.63 87.95 87.05 85.91 84.55 82.96 81.15 79.10 76.82 74.31 71.57 68.59 65.38 61.93 58.24 54.32 50.15 45.74 41.09 36.19 31.04 25.65 20.00
20.00 25.66 31.07 36.22 41.14 45.80 50.22 54.40 58.33 62.03 65.49 68.71 71.69 74.44 76.96 79.25 81.30 83.13 84.72 86.09 87.22 88.13 88.81 89.27 89.49 89.49 89.27 88.81 88.13 87.22 86.09 84.72 83.13 81.30 79.25 76.96 74.45 71.70 68.71 65.49 62.03 58.33 54.40 50.22 45.80 41.14 36.23 31.07 25.66 20.00
20.00 25.67 31.09 36.26 41.18 45.85 50.28 54.47 58.41 62.12 65.58 68.81 71.80 74.56 77.09 79.38 81.44 83.27 84.86 86.23 87.37 88.28 88.97 89.42 89.65 89.65 89.42 88.97 88.29 87.37 86.23 84.87 83.27 81.44 79.38 77.09 74.57 71.81 68.81 65.59 62.12 58.41 54.47 50.28 45.85 41.18 36.26 31.09 25.67 20.00
20.00 25.68 31.11 36.28 41.21 45.89 50.33 54.53 58.48 62.19 65.66 68.90 71.90 74.66 77.19 79.49 81.55 83.38 84.99 86.36 87.50 88.41 89.10 89.55 89.78 89.78 89.56 89.10 88.41 87.50 86.36 84.99 83.39 81.55 79.49 77.19 74.66 71.90 68.90 65.67 62.19 58.48 54.53 50.33 45.90 41.21 36.28 31.11 25.68 20.00
20.00 25.69 31.12 36.30 41.24 45.93 50.37 54.57 58.53 62.25 65.73 68.97 71.98 74.74 77.28 79.58 81.65 83.48 85.09 86.46 87.60 88.52 89.20 89.66 89.89 89.89 89.66 89.21 88.52 87.61 86.46 85.09 83.48 81.65 79.58 77.28 74.75 71.98 68.97 65.73 62.25 58.54 54.58 50.38 45.93 41.24 36.30 31.12 25.69 20.00
20.00 25.69 31.13 36.32 41.26 45.96 50.41 54.61 58.58 62.30 65.78 69.03 72.03 74.81 77.34 79.65 81.72 83.56 85.16 86.54 87.68 88.60 89.29 89.75 89.97 89.97 89.75 89.29 88.60 87.69 86.54 85.16 83.56 81.72 79.65 77.35 74.81 72.04 69.03 65.78 62.30 58.58 54.61 50.41 45.96 41.26 36.32 31.13 25.69 20.00
20.00 25.70 31.14 36.33 41.28 45.98 50.43 54.64 58.61 62.33 65.82 69.07 72.08 74.85 77.39 79.70 81.77 83.61 85.22 86.60 87.74 88.66 89.35 89.81 90.03 90.03 89.81 89.35 88.66 87.74 86.60 85.22 83.61 81.77 79.70 77.39 74.85 72.08 69.07 65.82 62.33 58.61 54.64 50.43 45.98 41.28 36.33 31.14 25.70 20.00
20.00 25.70 31.14 36.34 41.29 45.99 50.44 54.66 58.63 62.35 65.84 69.09 72.10 74.88 77.42 79.73 81.80 83.64 85.25 86.63 87.78 88.70 89.38 89.84 90.07 90.07 89.84 89.38 88.70 87.78 86.63 85.25 83.64 81.80 79.73 77.42 74.88 72.11 69.09 65.84 62.36 58.63 54.66 50.45 45.99 41.29 36.34 31.14 25.70 20.00
20.00 25.70 31.15 36.34 41.29 45.99 50.45 54.66 58.63 62.36 65.85 69.10 72.11 74.89 77.43 79.74 81.81 83.65 85.26 86.64 87.79 88.71 89.40 89.85 90.08 90.08 89.85 89.40 88.71 87.79 86.64 85.27 83.66 81.81 79.74 77.43 74.89 72.12 69.10 65.85 62.36 58.63 54.66 50.45 45.99 41.29 36.34 31.15 25.70 20.00
20.00 25.70 31.14 36.34 41.29 45.99 50.45 54.66 58.63 62.36 65.84 69.09 72.11 74.88 77.42 79.73 81.80 83.65 85.25 86.63 87.78 88.70 89.39 89.84 90.07 90.07 89.84 89.39 88.70 87.78 86.63 85.26 83.65 81.81 79.73 77.43 74.89 72.11 69.10 65.85 62.36 58.63 54.66 50.45 45.99 41.29 36.34 31.15 25.70 20.00
20.00 25.70 31.14 36.33 41.28 45.98 50.43 54.64 58.61 62.34 65.83 69.07 72.08 74.86 77.40 79.70 81.78 83.62 85.22 86.60 87.75 88.67 89.35 89.81 90.04 90.04 89.81 89.35 88.67 87.75 86.60 85.23 83.62 81.78 79.71 77.40 74.86 72.09 69.08 65.83 62.34 58.61 54.65 50.44 45.98 41.28 36.34 31.14 25.70 20.00
20.00 25.69 31.13 36.32 41.27 45.96 50.41 54.62 58.58 62.31 65.79 69.04 72.04 74.82 77.35 79.66 81.73 83.57 85.17 86.55 87.69 88.61 89.30 89.75 89.98 89.98 89.75 89.30 88.61 87.69 86.55 85.17 83.57 81.73 79.66 77.36 74.82 72.05 69.04 65.79 62.31 58.59 54.62 50.41 45.96 41.27 36.32 31.13 25.69 20.00
20.00 25.69 31.12 36.31 41.25 45.94 50.38 54.58 58.54 62.26 65.74 68.98 71.99 74.76 77.29 79.59 81.66 83.49 85.10 86.47 87.62 88.53 89.22 89.67 89.90 89.90 89.67 89.22 88.53 87.62 86.47 85.10 83.50 81.66 79.59 77.29 74.76 71.99 68.99 65.75 62.27 58.55 54.59 50.38 45.94 41.25 36.31 31.12 25.69 20.00
20.00 25.68 31.11 36.29 41.22 45.90 50.34 54.54 58.49 62.21 65.68 68.92 71.92 74.68 77.21 79.50 81.57 83.40 85.00 86.37 87.52 88.43 89.11 89.57 89.80 89.80 89.57 89.11 88.43 87.52 86.37 85.00 83.40 81.57 79.51 77.21 74.68 71.92 68.92 65.68 62.21 58.50 54.54 50.35 45.91 41.22 36.29 31.11 25.68 20.00
20.00 25.67 31.09 36.26 41.19 45.86 50.30 54.48 58.43 62.14 65.60 68.83 71.83 74.58 77.11 79.40 81.46 83.29 84.88 86.25 87.39 88.30 88.98 89.44 89.67 89.67 89.44 88.98 88.30 87.39 86.25 84.88 83.29 81.46 79.40 77.11 74.59 71.83 68.83 65.60 62.14 58.43 54.49 50.30 45.86 41.19 36.26 31.09 25.67 20.00
20.00 25.66 31.07 36.23 41.15 45.81 50.24 54.42 58.35 62.05 65.51 68.73 71.72 74.47 76.99 79.27 81.33 83.15 84.74 86.11 87.24 88.15 88.83 89.28 89.51 89.51 89.29 88.83 88.15 87.24 86.11 84.74 83.15 81.33 79.27 76.99 74.47 71.72 68.73 65.51 62.05 58.36 54.42 50.24 45.82 41.15 36.24 31.07 25.66 20.00
20.00 25.65 31.05 36.20 41.10 45.76 50.17 54.34 58.27 61.95 65.40 68.61 71.59 74.33 76.84 79.12 81.17 82.99 84.58 85.94 87.07 87.97 88.65 89.10 89.33 89.33 89.11 88.65 87.97 87.07 85.94 84.58 82.99 81.17 79.12 76.85 74.34 71.59 68.62 65.40 61.95 58.27 54.34 50.17 45.76 41.10 36.20 31.05 25.65 20.00
20.00 25.64 31.02 36.16 41.05 45.69 50.09 54.25 58.16 61.84 65.28 68.48 71.45 74.18 76.68 78.95 80.99 82.80 84.39 85.74 86.87 87.77 88.45 88.90 89.12 89.12 88.90 88.45 87.77 86.87 85.74 84.39 82.81 80.99 78.95 76.68 74.18 71.45 68.48 65.28 61.84 58.17 54.25 50.09 45.69 41.05 36.16 31.02 25.64 20.00
20.00 25.62 30.99 36.12 40.99 45.62 50.00 54.15 58.05 61.71 65.14 68.33 71.28 74.01 76.50 78.76 80.79 82.60 84.17 85.52 86.64 87.54 88.22 88.66 88.89 88.89 88.66 88.22 87.54 86.65 85.52 84.17 82.60 80.79 78.76 76.50 74.01 71.29 68.33 65.14 61.71 58.05 54.15 50.00 45.62 40.99 36.12 30.99 25.62 20.00
20.00 25.61 30.96 36.07 40.92 45.54 49.90 54.03 57.92 61.57 64.98 68.16 71.10 73.81 76.29 78.54 80.57 82.36 83.93 85.27 86.39 87.29 87.96 88.40 88.63 88.63 88.40 87.96 87.29 86.39 85.28 83.93 82.36 80.57 78.55 76.30 73.81 71.10 68.16 64.98 61.57 57.92 54.03 49.91 45.54 40.92 36.07 30.96 25.61 20.00
20.00 25.59 30.92 36.01 40.85 45.44 49.79 53.90 57.78 61.41 64.81 67.97 70.90 73.60 76.06 78.30 80.32 82.10 83.66 85.00 86.11 87.00 87.67 88.11 88.33 88.33 88.11 87.67 87.00 86.11 85.00 83.66 82.10 80.32 78.31 76.07 73.60 70.90 67.97 64.81 61.41 57.78 53.91 49.80 45.44 40.85 36.01 30.92 25.59 20.00
20.00 25.57 30.88 35.95 40.77 45.34 49.67 53.76 57.62 61.23 64.61 67.76 70.67 73.36 75.81 78.04 80.04 81.82 83.37 84.70 85.80 86.69 87.35 87.79 88.01 88.01 87.79 87.35 86.69 85.80 84.70 83.37 81.82 80.04 78.04 75.81 73.36 70.67 67.76 64.61 61.23 57.62 53.77 49.67 45.34 40.77 35.95 30.88 25.57 20.00
20.00 25.54 30.84 35.88 40.68 45.23 49.54 53.61 57.44 61.04 64.40 67.53 70.42 73.09 75.53 77.75 79.74 81.50 83.04 84.36 85.46 86.34 87.00 87.44 87.65 87.65 87.44 87.00 86.34 85.46 84.36 83.04 81.50 79.74 77.75 75.53 73.09 70.43 67.53 64.40 61.04 57.44 53.61 49.54 45.23 40.68 35.88 30.84 25.54 20.00
20.00 25.52 30.79 35.80 40.58 45.11 49.39 53.44 57.25 60.83 64.17 67.27 70.15 72.80 75.23 77.43 79.40 81.16 82.69 84.00 85.09 85.96 86.61 87.05 87.27 87.27 87.05 86.61 85.96 85.09 84.00 82.69 81.16 79.40 77.43 75.23 72.81 70.16 67.28 64.17 60.83 57.25 53.44 49.39 45.11 40.58 35.81 30.79 25.52 20.00
20.00 25.49 30.73 35.72 40.47 44.97 49.23 53.26 57.04 60.59 63.91 67.00 69.86 72.49 74.90 77.08 79.04 80.78 82.30 83.60 84.68 85.55 86.19 86.63 86.84 86.84 86.63 86.19 85.55 84.68 83.60 82.30 80.78 79.04 77.08 74.90 72.49 69.86 67.00 63.91 60.59 57.04 53.26 49.24 44.97 40.47 35.72 30.73 25.49 20.00
20.00 25.46 30.67 35.64 40.35 44.83 49.06 53.06 56.82 60.34 63.64 66.70 69.54 72.15 74.54 76.70 78.65 80.37 81.88 83.17 84.24 85.10 85.74 86.17 86.38 86.38 86.17 85.74 85.10 84.24 83.17 81.88 80.37 78.65 76.70 74.54 72.15 69.54 66.70 63.64 60.34 56.82 53.06 49.06 44.83 40.35 35.64 30.67 25.46 20.00
20.00 25.43 30.61 35.54 40.23 44.67 48.87 52.84 56.57 60.07 63.34 66.38 69.19 71.78 74.15 76.29 78.22 79.93 81.42 82.70 83.76 84.61 85.25 85.67 85.88 85.88 85.67 85.25 84.61 83.76 82.70 81.42 79.93 78.22 76.29 74.15 71.78 69.19 66.38 63.34 60.07 56.57 52.84 48.87 44.67 40.23 35.54 30.61 25.43 20.00
20.00 25.39 30.54 35.44 40.09 44.50 48.67 52.60 56.30 59.77 63.01 66.03 68.81 71.38 73.72 75.85 77.76 79.45 80.92 82.19 83.24 84.08 84.71 85.13 85.34 85.34 85.13 84.71 84.08 83.24 82.19 80.93 79.45 77.76 75.85 73.72 71.38 68.81 66.03 63.01 59.77 56.31 52.61 48.67 44.50 40.09 35.44 30.54 25.39 20.00
20.00 25.36 30.46 35.32 39.94 44.31 48.45 52.35 56.02 59.45 62.66 65.65 68.41 70.95 73.27 75.37 77.26 78.93 80.39 81.64 82.68 83.51 84.14 84.55 84.76 84.76 84.55 84.14 83.51 82.68 81.64 80.39 78.93 77.26 75.37 73.27 70.95 68.41 65.65 62.66 59.46 56.02 52.35 48.45 44.32 39.94 35.32 30.46 25.36 20.00
20.00 25.32 30.38 35.20 39.78 44.12 48.21 52.08 55.71 59.11 62.29 65.24 67.97 70.48 72.77 74.85 76.72 78.37 79.82 81.05 82.08 82.90 83.51 83.92 84.13 84.13 83.92 83.51 82.90 82.08 81.05 79.82 78.37 76.72 74.85 72.77 70.48 67.97 65.24 62.29 59.11 55.71 52.08 48.21 44.12 39.78 35.20 30.38 25.32 20.00
20.00 25.27 30.30 35.07 39.61 43.90 47.96 51.78 55.37 58.74 61.88 64.80 67.50 69.98 72.24 74.30 76.14 77.77 79.20 80.41 81.43 82.24 82.85 83.25 83.45 83.45 83.25 82.85 82.24 81.43 80.42 79.20 77.77 76.14 74.30 72.24 69.98 67.50 64.80 61.88 58.74 55.38 51.78 47.96 43.90 39.61 35.07 30.30 25.27 20.00
20.00 25.23 30.20 34.93 39.42 43.67 47.68 51.47 55.02 58.34 61.44 64.32 66.99 69.44 71.67 73.70 75.51 77.12 78.53 79.73 80.73 81.53 82.13 82.53 82.72 82.72 82.53 82.13 81.53 80.73 79.73 78.53 77.13 75.52 73.70 71.67 69.44 66.99 64.33 61.44 58.34 55.02 51.47 47.69 43.67 39.42 34.93 30.20 25.23 20.00
20.00 25.18 30.10 34.78 39.22 43.42 47.39 51.12 54.63 57.91 60.97 63.82 66.44 68.86 71.06 73.06 74.85 76.43 77.81 79.00 79.98 80.77 81.35 81.75 81.94 81.94 81.75 81.36 80.77 79.98 79.00 77.82 76.43 74.85 73.06 71.06 68.86 66.44 63.82 60.98 57.92 54.63 51.13 47.39 43.42 39.22 34.78 30.10 25.18 20.00
20.00 25.12 30.00 34.62 39.01 43.16 47.07 50.76 54.22 57.45 60.47 63.27 65.86 68.23 70.40 72.37 74.13 75.69 77.05 78.21 79.18 79.95 80.53 80.91 81.10 81.10 80.91 80.53 79.95 79.18 78.21 77.05 75.69 74.13 72.37 70.40 68.24 65.86 63.27 60.47 57.46 54.22 50.76 47.07 43.16 39.01 34.62 30.00 25.12 20.00
20.00 25.06 29.88 34.45 38.78 42.87 46.73 50.37 53.78 56.96 59.93 62.69 65.23 67.57 69.70 71.63 73.36 74.89 76.22 77.37 78.31 79.07 79.64 80.02 80.21 80.21 80.02 79.64 79.07 78.31 77.37 76.22 74.89 73.36 71.63 69.70 67.57 65.23 62.69 59.93 56.96 53.78 50.37 46.74 42.87 38.78 34.45 29.88 25.06 20.00
20.00 25.00 29.76 34.26 38.53 42.57 46.37 49.95 53.30 56.43 59.35 62.06 64.56 66.85 68.94 70.84 72.53 74.03 75.34 76.46 77.39 78.13 78.69 79.06 79.24 79.24 79.06 78.69 78.13 77.39 76.46 75.34 74.03 72.53 70.84 68.94 66.85 64.56 62.06 59.35 56.44 53.30 49.95 46.37 42.57 38.54 34.27 29.76 25.00 20.00
20.00 24.94 29.62 34.07 38.27 42.24 45.98 49.50 52.79 55.87 58.73 61.39 63.84 66.09 68.14 69.99 71.65 73.12 74.40 75.49 76.40 77.13 77.67 78.03 78.21 78.21 78.03 77.67 77.13 76.40 75.49 74.40 73.12 71.65 69.99 68.14 66.09 63.84 61.39 58.73 55.87 52.79 49.50 45.98 42.24 38.27 34.07 29.62 24.94 20.00
20.00 24.86 29.48 33.85 37.99 41.89 45.57 49.02 52.25 55.26 58.07 60.67 63.07 65.27 67.27 69.08 70.70 72.14 73.39 74.46 75.34 76.05 76.58 76.93 77.11 77.11 76.93 76.58 76.05 75.34 74.46 73.39 72.14 70.70 69.08 67.27 65.27 63.07 60.67 58.07 55.26 52.25 49.02 45.57 41.89 37.99 33.85 29.48 24.86 20.00
20.00 24.79 29.33 33.63 37.69 41.52 45.12 48.50 51.66 54.62 57.36 59.90 62.24 64.39 66.34 68.11 69.69 71.09 72.31 73.35 74.21 74.90 75.42 75.76 75.93 75.93 75.76 75.42 74.90 74.21 73.35 72.31 71.09 69.69 68.11 66.34 64.39 62.24 59.90 57.36 54.62 51.67 48.50 45.12 41.52 37.69 33.63 29.33 24.79 20.00
20.00 24.71 29.17 33.38 37.37 41.12 44.64 47.95 51.04 53.92 56.60 59.08 61.36 63.45 65.35 67.07 68.61 69.97 71.15 72.16 73.00 73.67 74.17 74.50 74.67 74.67 74.51 74.17 73.67 73.00 72.16 71.15 69.97 68.61 67.07 65.35 63.45 61.36 59.08 56.60 53.92 51.04 47.95 44.64 41.12 37.37 33.38 29.17 24.71 20.00
20.00 24.62 28.99 33.12 37.02 40.69 44.13 47.36 50.37 53.18 55.79 58.20 60.42 62.45 64.29 65.96 67.45 68.77 69.92 70.90 71.71 72.36 72.84 73.16 73.32 73.32 73.16 72.84 72.36 71.71 70.90 69.92 68.77 67.45 65.96 64.29 62.45 60.42 58.20 55.79 53.18 50.37 47.36 44.13 40.69 37.02 33.12 28.99 24.62 20.00
20.00 24.53 28.81 32.85 36.65 40.23 43.59 46.73 49.66 52.39 54.92 57.26 59.41 61.37 63.16 64.77 66.22 67.49 68.60 69.54 70.33 70.95 71.42 71.73 71.89 71.89 71.73 71.42 70.95 70.33 69.54 68.60 67.49 66.22 64.78 63.16 61.37 59.41 57.26 54.92 52.39 49.66 46.73 43.59 40.23 36.65 32.85 28.81 24.53 20.00
20.00 24.43 28.61 32.55 36.26 39.74 43.00 46.05 48.90 51.54 53.99 56.25 58.33 60.23 61.95 63.51 64.90 66.12 67.19 68.10 68.85 69.45 69.90 70.20 70.35 70.35 70.20 69.90 69.45 68.85 68.10 67.19 66.12 64.90 63.51 61.95 60.23 58.33 56.25 53.99 51.54 48.90 46.05 43.00 39.74 36.26 32.55 28.61 24.43 20.00
20.00 24.32 28.39 32.23 35.84 39.22 42.38 45.33 48.08 50.63 53.00 55.18 57.18 59.00 60.66 62.15 63.48 64.66 65.68 66.55 67.28 67.85 68.28 68.57 68.71 68.71 68.57 68.28 67.85 67.28 66.55 65.68 64.66 63.49 62.15 60.66 59.00 57.18 55.18 53.00 50.64 48.08 45.33 42.38 39.22 35.84 32.23 28.39 24.32 20.00
20.00 24.21 28.17 31.89 35.38 38.66 41.71 44.56 47.21 49.67 51.94 54.03 55.94 57.69 59.28 60.70 61.98 63.10 64.08 64.91 65.60 66.14 66.55 66.83 66.96 66.96 66.83 66.55 66.14 65.60 64.91 64.08 63.10 61.98 60.71 59.28 57.69 55.94 54.03 51.94 49.67 47.21 44.56 41.71 38.66 35.39 31.89 28.17 24.21 20.00
20.00 24.09 27.93 31.53 34.90 38.06 41.00 43.74 46.28 48.63 50.80 52.80 54.63 56.29 57.80 59.16 60.37 61.43 62.36 63.15 63.80 64.32 64.71 64.97 65.10 65.10 64.97 64.71 64.32 63.80 63.15 62.36 61.43 60.37 59.16 57.80 56.29 54.63 52.80 50.80 48.63 46.28 43.74 41.00 38.06 34.90 31.53 27.93 24.09 20.00
20.00 23.96 27.67 31.14 34.39 37.42 40.24 42.86 45.28 47.52 49.59 51.48 53.22 54.80 56.22 57.51 58.65 59.66 60.53 61.27 61.89 62.38 62.74 62.99 63.11 63.11 62.99 62.74 62.38 61.89 61.27 60.53 59.66 58.65 57.51 56.22 54.80 53.22 51.48 49.59 47.52 45.28 42.86 40.24 37.42 34.39 31.14 27.67 23.96 20.00
20.00 23.82 27.39 30.73 33.84 36.74 39.43 41.92 44.22 46.34 48.29 50.08 51.71 53.20 54.54 55.74 56.81 57.76 58.57 59.27 59.85 60.30 60.65 60.87 60.99 60.99 60.87 60.65 60.30 59.85 59.27 58.58 57.76 56.82 55.74 54.54 53.20 51.71 50.08 48.29 46.34 44.22 41.92 39.43 36.74 33.84 30.73 27.39 23.82 20.00
20.00 23.67 27.10 30.29 33.26 36.01 38.56 40.91 43.08 45.07 46.90 48.58 50.10 51.49 52.74 53.86 54.86 55.73 56.49 57.14 57.67 58.09 58.41 58.62 58.73 58.73 58.62 58.41 58.09 57.67 57.14 56.49 55.73 54.86 53.86 52.74 51.49 50.10 48.58 46.90 45.07 43.08 40.91 38.56 36.01 33.26 30.29 27.10 23.67 20.00
20.00 23.52 26.79 29.83 32.64 35.24 37.63 39.83 41.86 43.72 45.42 46.97 48.38 49.66 50.81 51.85 52.76 53.57 54.27 54.86 55.35 55.74 56.03 56.22 56.32 56.32 56.22 56.03 55.74 55.35 54.86 54.27 53.57 52.76 51.85 50.82 49.66 48.38 46.97 45.42 43.72 41.86 39.84 37.63 35.24 32.64 29.83 26.79 23.52 20.00
20.00 23.35 26.46 29.33 31.98 34.41 36.64 38.69 40.56 42.27 43.83 45.25 46.54 47.71 48.76 49.70 50.53 51.26 51.89 52.43 52.88 53.23 53.49 53.67 53.76 53.76 53.67 53.49 53.23 52.88 52.43 51.90 51.26 50.53 49.70 48.76 47.71 46.54 45.25 43.83 42.27 40.56 38.69 36.64 34.41 31.98 29.33 26.46 23.35 20.00
20.00 23.18 26.12 28.82 31.28 33.53 35.59 37.46 39.16 40.71 42.13 43.41 44.57 45.62 46.56 47.40 48.15 48.80 49.37 49.85 50.24 50.56 50.79 50.95 51.03 51.03 50.95 50.79 50.56 50.24 49.85 49.37 48.80 48.15 47.40 46.56 45.62 44.57 43.41 42.13 40.71 39.16 37.46 35.59 33.53 31.28 28.82 26.12 23.18 20.00
20.00 23.01 25.77 28.27 30.54 32.60 34.46 36.14 37.67 39.05 40.30 41.43 42.46 43.38 44.21 44.95 45.60 46.17 46.67 47.09 47.44 47.71 47.92 48.05 48.12 48.12 48.05 47.92 47.71 47.44 47.09 46.67 46.17 45.60 44.95 44.21 43.38 42.46 41.43 40.30 39.05 37.67 36.14 34.46 32.60 30.54 28.27 25.77 23.01 20.00
20.00 22.84 25.41 27.71 29.77 31.61 33.25 34.73 36.06 37.26 38.34 39.32 40.20 40.99 41.70 42.33 42.88 43.37 43.79 44.15 44.45 44.68 44.86 44.97 45.03 45.03 44.97 44.86 44.68 44.45 44.15 43.79 43.37 42.88 42.33 41.70 40.99 40.20 39.32 38.34 37.26 36.06 34.73 33.25 31.61 29.77 27.71 25.41 22.84 20.00
20.00 22.68 25.06 27.14 28.96 30.56 31.97 33.22 34.33 35.33 36.23 37.04 37.77 38.42 39.01 39.53 39.98 40.39 40.73 41.02 41.27 41.46 41.60 41.70 41.74 41.74 41.70 41.60 41.46 41.27 41.02 40.73 40.39 39.98 39.53 39.01 38.42 37.77 37.04 36.23 35.33 34.33 33.22 31.97 30.56 28.96 27.14 25.06 22.68 20.00
20.00 22.57 24.76 26.58 28.13 29.44 30.58 31.58 32.47 33.26 33.96 34.60 35.16 35.67 36.13 36.53 36.89 37.20 37.47 37.70 37.88 38.03 38.14 38.22 38.25 38.25 38.22 38.14 38.03 37.88 37.70 37.47 37.20 36.89 36.53 36.13 35.67 35.16 34.60 33.96 33.26 32.47 31.58 30.58 29.44 28.13 26.58 24.76 22.57 20.00
20.00 22.59 24.56 26.06 27.26 28.25 29.08 29.81 30.45 31.01 31.51 31.96 32.37 32.73 33.05 33.33 33.58 33.80 33.99 34.15 34.29 34.39 34.47 34.52 34.55 34.55 34.52 34.47 34.39 34.29 34.15 33.99 33.80 33.58 33.33 33.05 32.73 32.37 31.96 31.51 31.01 30.45 29.81 29.08 28.25 27.26 26.06 24.56 22.59 20.00
20.00 22.97 24.57 25.60 26.35 26.95 27.45 27.87 28.24 28.57 28.86 29.12 29.36 29.56 29.75 29.91 30.06 30.19 30.29 30.39 30.46 30.52 30.57 30.60 30.61 30.61 30.60 30.57 30.52 30.46 30.39 30.29 30.19 30.06 29.91 29.75 29.56 29.36 29.12 28.86 28.57 28.24 27.87 27.45 26.95 26.35 25.60 24.57 22.97 20.00
20.00 24.48 24.89 25.15 25.35 25.50 25.63 25.74 25.83 25.92 25.99 26.06 26.12 26.17 26.22 26.26 26.30 26.33 26.36 26.38 26.40 26.42 26.43 26.44 26.44 26.44 26.44 26.43 26.42 26.40 26.38 26.36 26.33 26.30 26.26 26.22 26.17 26.12 26.06 25.99 25.92 25.83 25.74 25.63 25.50 25.35 25.15 24.89 24.48 20.00
