20.00 18.64 17.19 15.72 14.27 12.84 11.44 10.08  8.76  7.47  6.22  5.01  3.83  2.69  1.60  0.53 -0.49 -1.47 -2.42 -3.33 -4.21 -5.05 -5.85 -6.61 -7.34 -8.04 -8.69 -9.32 -9.90 -10.45 -10.97 -11.45 -11.90 -12.31 -12.69 -13.03 -13.34 -13.61 -13.85 -14.05 -14.22 -14.36 -14.46 -14.53 -14.56 -14.56 -14.53 -14.46 -14.36 -14.22 -14.05 -13.85 -13.61 -13.34 -13.03 -12.69 -12.31 -11.90 -11.45 -10.97 -10.45 -9.90 -9.32 -8.69 -8.04 -7.34 -6.61 -5.85 -5.05 -4.21 -3.33 -2.42 -1.47 -0.49  0.53  1.60  2.69  3.83  5.00  6.22  7.47  8.76 10.08 11.44 12.84 14.27 15.72 17.19 18.64 20.00
20.00 18.42 16.86 15.31 13.78 12.28 10.82  9.39  8.00  6.65  5.34  4.07  2.84  1.65  0.50 -0.62 -1.69 -2.72 -3.71 -4.67 -5.59 -6.46 -7.30 -8.10 -8.87 -9.60 -10.28 -10.94 -11.55 -12.13 -12.67 -13.17 -13.64 -14.07 -14.47 -14.82 -15.15 -15.43 -15.68 -15.90 -16.08 -16.22 -16.33 -16.40 -16.43 -16.43 -16.40 -16.33 -16.22 -16.08 -15.90 -15.68 -15.43 -15.15 -14.82 -14.47 -14.07 -13.64 -13.17 -12.67 -12.13 -11.55 -10.94 -10.28 -9.60 -8.87 -8.10 -7.30 -6.46 -5.59 -4.67 -3.71 -2.72 -1.69 -0.62  0.50  1.65  2.84  4.07  5.34  6.65  8.00  9.39 10.82 12.28 13.78 15.31 16.86 18.42 20.00
20.00 18.27 16.59 14.95 13.34 11.76 10.23  8.73  7.28  5.87  4.50  3.17  1.88  0.64 -0.57 -1.73 -2.85 -3.93 -4.97 -5.97 -6.92 -7.84 -8.72 -9.56 -10.36 -11.12 -11.84 -12.52 -13.16 -13.76 -14.33 -14.86 -15.34 -15.80 -16.21 -16.58 -16.92 -17.22 -17.48 -17.70 -17.89 -18.04 -18.15 -18.23 -18.27 -18.27 -18.23 -18.15 -18.04 -17.89 -17.70 -17.48 -17.22 -16.92 -16.58 -16.21 -15.80 -15.34 -14.86 -14.33 -13.76 -13.16 -12.52 -11.84 -11.12 -10.36 -9.56 -8.72 -7.84 -6.93 -5.97 -4.97 -3.93 -2.85 -1.73 -0.57  0.64  1.88  3.17  4.50  5.87  7.28  8.73 10.23 11.76 13.34 14.95 16.59 18.27 20.00
20.00 18.15 16.36 14.63 12.93 11.28  9.67  8.11  6.59  5.12  3.69  2.30  0.96 -0.34 -1.60 -2.81 -3.98 -5.11 -6.19 -7.23 -8.23 -9.19 -10.10 -10.98 -11.81 -12.60 -13.35 -14.06 -14.73 -15.36 -15.95 -16.50 -17.01 -17.48 -17.91 -18.30 -18.65 -18.97 -19.24 -19.47 -19.67 -19.82 -19.94 -20.02 -20.06 -20.06 -20.02 -19.94 -19.82 -19.67 -19.47 -19.24 -18.97 -18.65 -18.30 -17.91 -17.48 -17.01 -16.50 -15.95 -15.36 -14.73 -14.06 -13.35 -12.60 -11.81 -10.98 -10.10 -9.19 -8.23 -7.23 -6.19 -5.11 -3.98 -2.81 -1.60 -0.34  0.96  2.30  3.69  5.12  6.59  8.11  9.67 11.28 12.93 14.63 16.36 18.15 20.00
20.00 18.05 16.16 14.33 12.56 10.83  9.15  7.52  5.93  4.40  2.91  1.46  0.06 -1.29 -2.60 -3.86 -5.08 -6.25 -7.38 -8.46 -9.50 -10.50 -11.45 -12.36 -13.23 -14.05 -14.83 -15.57 -16.27 -16.93 -17.54 -18.11 -18.64 -19.13 -19.58 -19.99 -20.35 -20.68 -20.96 -21.21 -21.41 -21.57 -21.69 -21.77 -21.82 -21.82 -21.77 -21.69 -21.57 -21.41 -21.21 -20.96 -20.68 -20.35 -19.99 -19.58 -19.13 -18.64 -18.11 -17.54 -16.93 -16.27 -15.57 -14.84 -14.05 -13.23 -12.36 -11.45 -10.50 -9.50 -8.46 -7.38 -6.25 -5.08 -3.86 -2.60 -1.29  0.06  1.46  2.91  4.40  5.93  7.52  9.15 10.83 12.56 14.33 16.16 18.05 20.00
20.00 17.96 15.98 14.07 12.21 10.41  8.66  6.96  5.31  3.71  2.16  0.65 -0.80 -2.21 -3.57 -4.88 -6.14 -7.36 -8.53 -9.66 -10.74 -11.78 -12.77 -13.71 -14.62 -15.47 -16.28 -17.05 -17.78 -18.46 -19.10 -19.69 -20.24 -20.75 -21.22 -21.64 -22.02 -22.36 -22.65 -22.91 -23.12 -23.29 -23.41 -23.50 -23.54 -23.54 -23.50 -23.41 -23.29 -23.12 -22.91 -22.65 -22.36 -22.02 -21.64 -21.22 -20.75 -20.24 -19.69 -19.10 -18.46 -17.78 -17.05 -16.28 -15.47 -14.62 -13.71 -12.77 -11.78 -10.74 -9.66 -8.53 -7.36 -6.14 -4.88 -3.57 -2.21 -0.80  0.65  2.16  3.71  5.31  6.96  8.66 10.41 12.21 14.07 15.98 17.96 20.00
20.00 17.87 15.81 13.82 11.88 10.01  8.18  6.42  4.70  3.04  1.43 -0.13 -1.64 -3.10 -4.51 -5.87 -7.18 -8.45 -9.66 -10.83 -11.95 -13.03 -14.05 -15.04 -15.97 -16.86 -17.70 -18.50 -19.25 -19.96 -20.62 -21.24 -21.81 -22.34 -22.82 -23.26 -23.65 -24.00 -24.31 -24.57 -24.79 -24.97 -25.10 -25.18 -25.23 -25.23 -25.18 -25.10 -24.97 -24.79 -24.57 -24.31 -24.00 -23.65 -23.26 -22.82 -22.34 -21.81 -21.24 -20.62 -19.96 -19.25 -18.50 -17.70 -16.86 -15.97 -15.04 -14.06 -13.03 -11.95 -10.83 -9.66 -8.45 -7.18 -5.87 -4.51 -3.10 -1.64 -0.13  1.43  3.04  4.70  6.42  8.18 10.01 11.88 13.82 15.81 17.87 20.00
20.00 17.79 15.65 13.58 11.57  9.62  7.73  5.90  4.12  2.40  0.73 -0.88 -2.45 -3.96 -5.42 -6.83 -8.19 -9.50 -10.76 -11.97 -13.14 -14.25 -15.31 -16.33 -17.30 -18.22 -19.09 -19.92 -20.70 -21.43 -22.11 -22.75 -23.35 -23.89 -24.39 -24.85 -25.25 -25.62 -25.93 -26.21 -26.43 -26.61 -26.75 -26.84 -26.89 -26.89 -26.84 -26.75 -26.61 -26.43 -26.21 -25.94 -25.62 -25.25 -24.85 -24.39 -23.89 -23.35 -22.75 -22.11 -21.43 -20.70 -19.92 -19.09 -18.22 -17.30 -16.33 -15.31 -14.25 -13.14 -11.97 -10.76 -9.50 -8.19 -6.83 -5.42 -3.96 -2.45 -0.88  0.73  2.40  4.12  5.90  7.73  9.62 11.57 13.58 15.65 17.79 20.00
20.00 17.71 15.50 13.36 11.28  9.26  7.30  5.40  3.56  1.78  0.05 -1.62 -3.24 -4.80 -6.31 -7.77 -9.18 -10.53 -11.84 -13.09 -14.29 -15.44 -16.54 -17.60 -18.60 -19.55 -20.45 -21.31 -22.11 -22.87 -23.58 -24.24 -24.85 -25.42 -25.93 -26.40 -26.83 -27.20 -27.53 -27.81 -28.05 -28.23 -28.37 -28.47 -28.51 -28.51 -28.47 -28.37 -28.23 -28.05 -27.81 -27.53 -27.20 -26.83 -26.41 -25.94 -25.42 -24.85 -24.24 -23.58 -22.87 -22.11 -21.31 -20.45 -19.55 -18.60 -17.60 -16.54 -15.44 -14.29 -13.09 -11.84 -10.53 -9.18 -7.77 -6.31 -4.80 -3.24 -1.62  0.05  1.78  3.56  5.40  7.30  9.26 11.28 13.36 15.50 17.71 20.00
20.00 17.64 15.36 13.14 10.99  8.91  6.89  4.93  3.02  1.18 -0.60 -2.33 -4.00 -5.62 -7.18 -8.69 -10.14 -11.54 -12.89 -14.18 -15.42 -16.61 -17.75 -18.84 -19.87 -20.86 -21.79 -22.67 -23.50 -24.28 -25.02 -25.70 -26.33 -26.92 -27.45 -27.94 -28.37 -28.76 -29.10 -29.39 -29.63 -29.83 -29.97 -30.07 -30.12 -30.12 -30.07 -29.97 -29.83 -29.63 -29.39 -29.10 -28.76 -28.37 -27.94 -27.45 -26.92 -26.33 -25.70 -25.02 -24.29 -23.50 -22.67 -21.79 -20.86 -19.87 -18.84 -17.75 -16.61 -15.42 -14.18 -12.89 -11.54 -10.14 -8.69 -7.18 -5.62 -4.00 -2.33 -0.60  1.18  3.02  4.92  6.89  8.91 10.99 13.14 15.36 17.64 20.00
20.00 17.57 15.22 12.94 10.72  8.57  6.48  4.46  2.50  0.60 -1.24 -3.03 -4.75 -6.42 -8.03 -9.59 -11.08 -12.53 -13.92 -15.25 -16.53 -17.76 -18.93 -20.05 -21.12 -22.14 -23.10 -24.01 -24.87 -25.67 -26.43 -27.13 -27.79 -28.39 -28.94 -29.44 -29.89 -30.29 -30.64 -30.94 -31.19 -31.39 -31.54 -31.64 -31.69 -31.69 -31.64 -31.54 -31.39 -31.19 -30.94 -30.64 -30.29 -29.89 -29.44 -28.94 -28.39 -27.79 -27.13 -26.43 -25.67 -24.87 -24.01 -23.10 -22.14 -21.12 -20.05 -18.93 -17.76 -16.53 -15.25 -13.92 -12.53 -11.08 -9.59 -8.03 -6.42 -4.75 -3.03 -1.24  0.60  2.50  4.46  6.48  8.57 10.72 12.94 15.22 17.57 20.00
20.00 17.51 15.09 12.74 10.45  8.24  6.09  4.01  1.99  0.03 -1.87 -3.70 -5.48 -7.20 -8.86 -10.46 -12.01 -13.49 -14.93 -16.30 -17.62 -18.89 -20.10 -21.25 -22.35 -23.40 -24.39 -25.33 -26.21 -27.04 -27.82 -28.54 -29.22 -29.84 -30.41 -30.92 -31.39 -31.80 -32.16 -32.47 -32.72 -32.93 -33.08 -33.19 -33.24 -33.24 -33.19 -33.08 -32.93 -32.72 -32.47 -32.16 -31.80 -31.39 -30.92 -30.41 -29.84 -29.22 -28.54 -27.82 -27.04 -26.21 -25.33 -24.39 -23.40 -22.35 -21.25 -20.10 -18.89 -17.62 -16.30 -14.93 -13.50 -12.01 -10.46 -8.86 -7.20 -5.48 -3.70 -1.87  0.03  1.99  4.01  6.09  8.24 10.45 12.74 15.09 17.51 20.00
20.00 17.44 14.96 12.54 10.20  7.92  5.71  3.57  1.49 -0.52 -2.47 -4.36 -6.19 -7.96 -9.67 -11.32 -12.91 -14.44 -15.92 -17.33 -18.69 -19.99 -21.24 -22.42 -23.56 -24.63 -25.65 -26.62 -27.53 -28.39 -29.19 -29.93 -30.63 -31.26 -31.85 -32.38 -32.86 -33.28 -33.65 -33.97 -34.23 -34.45 -34.60 -34.71 -34.76 -34.76 -34.71 -34.60 -34.45 -34.23 -33.97 -33.65 -33.28 -32.86 -32.38 -31.85 -31.26 -30.63 -29.93 -29.19 -28.39 -27.53 -26.62 -25.65 -24.63 -23.56 -22.42 -21.24 -19.99 -18.69 -17.33 -15.92 -14.44 -12.91 -11.32 -9.67 -7.96 -6.19 -4.37 -2.47 -0.52  1.49  3.57  5.71  7.92 10.20 12.54 14.96 17.44 20.00
20.00 17.38 14.83 12.35  9.95  7.61  5.34  3.14  1.01 -1.06 -3.07 -5.01 -6.89 -8.71 -10.47 -12.16 -13.80 -15.37 -16.89 -18.34 -19.74 -21.08 -22.36 -23.58 -24.74 -25.85 -26.90 -27.89 -28.83 -29.71 -30.53 -31.30 -32.01 -32.67 -33.27 -33.82 -34.31 -34.74 -35.12 -35.45 -35.72 -35.94 -36.10 -36.21 -36.27 -36.27 -36.21 -36.10 -35.94 -35.72 -35.45 -35.12 -34.74 -34.31 -33.82 -33.27 -32.67 -32.01 -31.30 -30.53 -29.71 -28.83 -27.89 -26.90 -25.85 -24.74 -23.58 -22.36 -21.08 -19.74 -18.34 -16.89 -15.37 -13.80 -12.16 -10.47 -8.71 -6.89 -5.01 -3.07 -1.06  1.01  3.14  5.34  7.61  9.95 12.35 14.83 17.38 20.00
20.00 17.32 14.71 12.17  9.70  7.31  4.98  2.72  0.53 -1.59 -3.65 -5.65 -7.58 -9.45 -11.25 -12.99 -14.67 -16.29 -17.84 -19.34 -20.78 -22.15 -23.46 -24.72 -25.91 -27.05 -28.13 -29.15 -30.11 -31.01 -31.86 -32.65 -33.38 -34.05 -34.67 -35.23 -35.74 -36.18 -36.58 -36.91 -37.19 -37.41 -37.58 -37.69 -37.75 -37.75 -37.69 -37.58 -37.41 -37.19 -36.91 -36.58 -36.18 -35.74 -35.23 -34.67 -34.05 -33.38 -32.65 -31.86 -31.01 -30.11 -29.15 -28.13 -27.05 -25.92 -24.72 -23.46 -22.15 -20.78 -19.34 -17.85 -16.29 -14.67 -12.99 -11.25 -9.45 -7.58 -5.65 -3.65 -1.59  0.53  2.72  4.98  7.31  9.70 12.17 14.71 17.32 20.00
20.00 17.26 14.59 11.99  9.47  7.01  4.63  2.31  0.07 -2.11 -4.23 -6.27 -8.25 -10.17 -12.02 -13.81 -15.53 -17.19 -18.79 -20.32 -21.79 -23.21 -24.55 -25.84 -27.07 -28.24 -29.34 -30.39 -31.38 -32.30 -33.17 -33.98 -34.73 -35.42 -36.05 -36.63 -37.15 -37.61 -38.01 -38.35 -38.64 -38.87 -39.04 -39.15 -39.21 -39.21 -39.15 -39.04 -38.87 -38.64 -38.35 -38.01 -37.61 -37.15 -36.63 -36.05 -35.42 -34.73 -33.98 -33.17 -32.30 -31.38 -30.39 -29.34 -28.24 -27.07 -25.84 -24.55 -23.21 -21.79 -20.32 -18.79 -17.19 -15.53 -13.81 -12.02 -10.17 -8.25 -6.27 -4.23 -2.11  0.06  2.31  4.63  7.01  9.47 11.99 14.59 17.26 20.00
20.00 17.20 14.47 11.81  9.23  6.72  4.28  1.91 -0.39 -2.63 -4.79 -6.89 -8.92 -10.88 -12.78 -14.61 -16.38 -18.08 -19.72 -21.29 -22.80 -24.25 -25.63 -26.95 -28.21 -29.41 -30.54 -31.61 -32.62 -33.57 -34.46 -35.29 -36.06 -36.77 -37.42 -38.01 -38.54 -39.01 -39.42 -39.78 -40.07 -40.30 -40.48 -40.60 -40.66 -40.66 -40.60 -40.48 -40.30 -40.07 -39.78 -39.42 -39.01 -38.54 -38.01 -37.42 -36.77 -36.06 -35.29 -34.46 -33.57 -32.62 -31.61 -30.54 -29.41 -28.21 -26.95 -25.63 -24.25 -22.80 -21.29 -19.72 -18.08 -16.38 -14.61 -12.78 -10.88 -8.92 -6.89 -4.79 -2.63 -0.39  1.91  4.28  6.72  9.23 11.81 14.47 17.20 20.00
20.00 17.14 14.35 11.64  9.00  6.43  3.93  1.51 -0.85 -3.13 -5.35 -7.50 -9.58 -11.59 -13.53 -15.41 -17.22 -18.96 -20.64 -22.25 -23.80 -25.28 -26.69 -28.05 -29.34 -30.56 -31.72 -32.82 -33.86 -34.83 -35.74 -36.59 -37.38 -38.11 -38.77 -39.38 -39.92 -40.40 -40.82 -41.18 -41.48 -41.73 -41.91 -42.03 -42.09 -42.09 -42.03 -41.91 -41.73 -41.48 -41.18 -40.82 -40.40 -39.92 -39.38 -38.77 -38.11 -37.38 -36.59 -35.74 -34.83 -33.86 -32.82 -31.72 -30.56 -29.34 -28.05 -26.69 -25.28 -23.80 -22.25 -20.64 -18.96 -17.22 -15.41 -13.53 -11.59 -9.58 -7.50 -5.35 -3.13 -0.85  1.51  3.93  6.43  9.00 11.64 14.35 17.14 20.00
20.00 17.08 14.24 11.47  8.77  6.15  3.59  1.11 -1.29 -3.63 -5.90 -8.10 -10.22 -12.28 -14.27 -16.19 -18.05 -19.83 -21.55 -23.20 -24.78 -26.30 -27.75 -29.13 -30.45 -31.71 -32.90 -34.02 -35.08 -36.08 -37.01 -37.88 -38.69 -39.43 -40.11 -40.73 -41.28 -41.78 -42.21 -42.58 -42.89 -43.13 -43.32 -43.44 -43.50 -43.50 -43.44 -43.32 -43.13 -42.89 -42.58 -42.21 -41.78 -41.28 -40.73 -40.11 -39.43 -38.69 -37.88 -37.01 -36.08 -35.08 -34.02 -32.90 -31.71 -30.45 -29.13 -27.75 -26.30 -24.78 -23.20 -21.55 -19.83 -18.05 -16.19 -14.27 -12.28 -10.22 -8.10 -5.90 -3.63 -1.29  1.11  3.59  6.15  8.77 11.47 14.24 17.08 20.00
20.00 17.02 14.12 11.30  8.54  5.86  3.26  0.72 -1.74 -4.13 -6.45 -8.69 -10.87 -12.97 -15.01 -16.97 -18.87 -20.69 -22.45 -24.14 -25.76 -27.31 -28.79 -30.21 -31.56 -32.84 -34.06 -35.21 -36.29 -37.31 -38.27 -39.15 -39.98 -40.74 -41.43 -42.07 -42.63 -43.14 -43.58 -43.96 -44.27 -44.52 -44.71 -44.84 -44.90 -44.90 -44.84 -44.71 -44.52 -44.27 -43.96 -43.58 -43.14 -42.63 -42.07 -41.43 -40.74 -39.98 -39.15 -38.27 -37.31 -36.29 -35.21 -34.06 -32.84 -31.56 -30.21 -28.79 -27.31 -25.76 -24.14 -22.45 -20.69 -18.87 -16.97 -15.01 -12.97 -10.87 -8.69 -6.45 -4.13 -1.74  0.72  3.26  5.86  8.54 11.30 14.12 17.02 20.00
20.00 16.97 14.01 11.13  8.32  5.58  2.92  0.33 -2.18 -4.62 -6.99 -9.28 -11.51 -13.66 -15.74 -17.75 -19.68 -21.55 -23.34 -25.07 -26.73 -28.31 -29.83 -31.28 -32.66 -33.97 -35.21 -36.39 -37.49 -38.54 -39.51 -40.42 -41.26 -42.04 -42.75 -43.39 -43.97 -44.49 -44.94 -45.33 -45.65 -45.90 -46.10 -46.23 -46.29 -46.29 -46.23 -46.10 -45.90 -45.65 -45.33 -44.94 -44.49 -43.97 -43.39 -42.75 -42.04 -41.26 -40.42 -39.51 -38.54 -37.49 -36.39 -35.21 -33.97 -32.66 -31.28 -29.83 -28.31 -26.73 -25.07 -23.35 -21.55 -19.68 -17.75 -15.74 -13.66 -11.51 -9.28 -6.99 -4.62 -2.18  0.33  2.92  5.58  8.32 11.13 14.01 16.97 20.00
20.00 16.91 13.90 10.96  8.09  5.30  2.59 -0.05 -2.62 -5.11 -7.53 -9.87 -12.14 -14.34 -16.47 -18.52 -20.50 -22.40 -24.24 -26.00 -27.69 -29.31 -30.86 -32.34 -33.75 -35.09 -36.36 -37.56 -38.69 -39.75 -40.75 -41.67 -42.53 -43.33 -44.05 -44.71 -45.30 -45.83 -46.29 -46.68 -47.01 -47.27 -47.47 -47.60 -47.67 -47.67 -47.60 -47.47 -47.27 -47.01 -46.68 -46.29 -45.83 -45.30 -44.71 -44.05 -43.33 -42.53 -41.67 -40.75 -39.75 -38.69 -37.56 -36.36 -35.09 -33.75 -32.34 -30.86 -29.31 -27.69 -26.00 -24.24 -22.40 -20.50 -18.52 -16.47 -14.34 -12.14 -9.87 -7.53 -5.11 -2.62 -0.05  2.59  5.30  8.09 10.96 13.90 16.91 20.00
20.00 16.85 13.78 10.79  7.87  5.03  2.26 -0.44 -3.06 -5.60 -8.07 -10.46 -12.78 -15.02 -17.19 -19.28 -21.30 -23.25 -25.12 -26.92 -28.65 -30.30 -31.88 -33.39 -34.83 -36.20 -37.49 -38.72 -39.87 -40.96 -41.98 -42.92 -43.80 -44.61 -45.35 -46.02 -46.63 -47.16 -47.63 -48.03 -48.37 -48.63 -48.84 -48.97 -49.04 -49.04 -48.97 -48.84 -48.64 -48.37 -48.03 -47.63 -47.16 -46.63 -46.02 -45.35 -44.61 -43.80 -42.92 -41.98 -40.96 -39.87 -38.72 -37.49 -36.20 -34.83 -33.39 -31.89 -30.30 -28.65 -26.92 -25.12 -23.25 -21.31 -19.29 -17.19 -15.02 -12.78 -10.46 -8.07 -5.60 -3.06 -0.44  2.26  5.03  7.87 10.79 13.78 16.85 20.00
20.00 16.80 13.67 10.62  7.65  4.75  1.92 -0.82 -3.49 -6.09 -8.61 -11.05 -13.41 -15.70 -17.91 -20.05 -22.11 -24.10 -26.01 -27.85 -29.61 -31.29 -32.91 -34.45 -35.91 -37.31 -38.63 -39.88 -41.06 -42.16 -43.20 -44.16 -45.06 -45.88 -46.64 -47.32 -47.94 -48.49 -48.96 -49.37 -49.71 -49.99 -50.19 -50.33 -50.40 -50.40 -50.33 -50.19 -49.99 -49.72 -49.37 -48.96 -48.49 -47.94 -47.32 -46.64 -45.88 -45.06 -44.16 -43.20 -42.16 -41.06 -39.88 -38.63 -37.31 -35.91 -34.45 -32.91 -31.29 -29.61 -27.85 -26.01 -24.10 -22.11 -20.05 -17.92 -15.70 -13.41 -11.05 -8.61 -6.09 -3.49 -0.82  1.92  4.75  7.65 10.62 13.67 16.80 20.00
20.00 16.74 13.56 10.45  7.42  4.47  1.59 -1.21 -3.93 -6.58 -9.15 -11.64 -14.05 -16.38 -18.64 -20.82 -22.92 -24.95 -26.90 -28.77 -30.56 -32.28 -33.93 -35.50 -36.99 -38.41 -39.76 -41.03 -42.24 -43.36 -44.42 -45.40 -46.31 -47.15 -47.92 -48.62 -49.25 -49.80 -50.29 -50.71 -51.06 -51.33 -51.54 -51.68 -51.75 -51.75 -51.68 -51.54 -51.33 -51.06 -50.71 -50.29 -49.80 -49.25 -48.62 -47.92 -47.15 -46.31 -45.40 -44.42 -43.36 -42.24 -41.04 -39.76 -38.41 -36.99 -35.50 -33.93 -32.28 -30.56 -28.77 -26.90 -24.95 -22.92 -20.82 -18.64 -16.38 -14.05 -11.64 -9.15 -6.58 -3.93 -1.21  1.59  4.47  7.42 10.45 13.56 16.74 20.00
20.00 16.68 13.45 10.28  7.19  4.19  1.25 -1.60 -4.38 -7.07 -9.69 -12.23 -14.69 -17.07 -19.37 -21.59 -23.73 -25.80 -27.78 -29.69 -31.52 -33.27 -34.95 -36.55 -38.07 -39.52 -40.89 -42.19 -43.41 -44.56 -45.63 -46.63 -47.56 -48.42 -49.20 -49.91 -50.55 -51.12 -51.61 -52.04 -52.39 -52.67 -52.89 -53.03 -53.10 -53.10 -53.03 -52.89 -52.67 -52.39 -52.04 -51.61 -51.12 -50.55 -49.91 -49.20 -48.42 -47.56 -46.64 -45.63 -44.56 -43.41 -42.19 -40.89 -39.52 -38.07 -36.55 -34.95 -33.27 -31.52 -29.69 -27.78 -25.80 -23.73 -21.59 -19.37 -17.07 -14.69 -12.23 -9.69 -7.07 -4.38 -1.60  1.25  4.19  7.19 10.28 13.44 16.68 20.00
20.00 16.63 13.33 10.11  6.97  3.90  0.91 -1.99 -4.82 -7.57 -10.24 -12.82 -15.33 -17.76 -20.10 -22.36 -24.55 -26.65 -28.67 -30.62 -32.48 -34.27 -35.97 -37.60 -39.15 -40.63 -42.02 -43.34 -44.59 -45.76 -46.85 -47.87 -48.81 -49.68 -50.48 -51.20 -51.85 -52.43 -52.93 -53.36 -53.72 -54.01 -54.23 -54.37 -54.44 -54.44 -54.37 -54.23 -54.01 -53.72 -53.36 -52.93 -52.43 -51.85 -51.20 -50.48 -49.68 -48.81 -47.87 -46.85 -45.76 -44.59 -43.34 -42.02 -40.63 -39.15 -37.60 -35.97 -34.27 -32.48 -30.62 -28.67 -26.65 -24.55 -22.36 -20.10 -17.76 -15.33 -12.82 -10.24 -7.57 -4.82 -1.99  0.91  3.90  6.97 10.11 13.33 16.63 20.00
20.00 16.57 13.21  9.93  6.73  3.61  0.57 -2.39 -5.27 -8.07 -10.79 -13.43 -15.98 -18.45 -20.84 -23.14 -25.37 -27.51 -29.57 -31.55 -33.45 -35.26 -37.00 -38.66 -40.23 -41.73 -43.15 -44.50 -45.76 -46.95 -48.06 -49.10 -50.06 -50.94 -51.75 -52.49 -53.15 -53.73 -54.25 -54.69 -55.05 -55.34 -55.56 -55.71 -55.78 -55.78 -55.71 -55.56 -55.34 -55.05 -54.69 -54.25 -53.73 -53.15 -52.49 -51.75 -50.94 -50.06 -49.10 -48.06 -46.95 -45.76 -44.50 -43.15 -41.73 -40.24 -38.66 -37.00 -35.26 -33.45 -31.55 -29.57 -27.51 -25.37 -23.14 -20.84 -18.45 -15.98 -13.43 -10.79 -8.07 -5.27 -2.39  0.57  3.61  6.73  9.93 13.21 16.57 20.00
20.00 16.51 13.09  9.76  6.50  3.32  0.22 -2.80 -5.73 -8.58 -11.35 -14.03 -16.63 -19.15 -21.58 -23.93 -26.19 -28.37 -30.47 -32.48 -34.42 -36.26 -38.03 -39.72 -41.32 -42.85 -44.29 -45.65 -46.94 -48.15 -49.28 -50.33 -51.31 -52.21 -53.03 -53.77 -54.45 -55.04 -55.56 -56.01 -56.38 -56.68 -56.90 -57.05 -57.12 -57.12 -57.05 -56.90 -56.68 -56.38 -56.01 -55.56 -55.04 -54.45 -53.77 -53.03 -52.21 -51.31 -50.33 -49.28 -48.15 -46.94 -45.65 -44.29 -42.85 -41.32 -39.72 -38.03 -36.26 -34.42 -32.49 -30.47 -28.37 -26.19 -23.93 -21.58 -19.15 -16.63 -14.03 -11.35 -8.58 -5.73 -2.80  0.22  3.32  6.50  9.76 13.09 16.51 20.00
20.00 16.45 12.97  9.58  6.26  3.02 -0.13 -3.21 -6.20 -9.10 -11.92 -14.65 -17.30 -19.86 -22.34 -24.73 -27.03 -29.25 -31.38 -33.43 -35.39 -37.27 -39.07 -40.78 -42.41 -43.96 -45.43 -46.82 -48.12 -49.35 -50.50 -51.57 -52.56 -53.47 -54.30 -55.06 -55.74 -56.35 -56.88 -57.33 -57.71 -58.01 -58.23 -58.38 -58.46 -58.46 -58.38 -58.23 -58.01 -57.71 -57.33 -56.88 -56.35 -55.74 -55.06 -54.30 -53.47 -52.56 -51.57 -50.50 -49.35 -48.12 -46.82 -45.43 -43.96 -42.41 -40.78 -39.07 -37.27 -35.39 -33.43 -31.38 -29.25 -27.03 -24.73 -22.34 -19.86 -17.30 -14.65 -11.92 -9.10 -6.20 -3.21 -0.13  3.02  6.26  9.58 12.97 16.45 20.00
20.00 16.39 12.85  9.39  6.01  2.72 -0.50 -3.63 -6.67 -9.63 -12.50 -15.28 -17.98 -20.58 -23.10 -25.53 -27.88 -30.13 -32.30 -34.38 -36.38 -38.29 -40.11 -41.85 -43.51 -45.08 -46.57 -47.98 -49.31 -50.55 -51.72 -52.80 -53.81 -54.73 -55.58 -56.35 -57.04 -57.66 -58.19 -58.65 -59.03 -59.34 -59.57 -59.72 -59.80 -59.80 -59.72 -59.57 -59.34 -59.03 -58.65 -58.19 -57.66 -57.04 -56.35 -55.58 -54.73 -53.81 -52.80 -51.72 -50.55 -49.31 -47.98 -46.57 -45.08 -43.51 -41.85 -40.11 -38.29 -36.38 -34.38 -32.30 -30.13 -27.88 -25.53 -23.10 -20.58 -17.98 -15.28 -12.50 -9.63 -6.67 -3.63 -0.50  2.72  6.01  9.39 12.85 16.39 20.00
20.00 16.32 12.72  9.20  5.76  2.40 -0.87 -4.06 -7.16 -10.17 -13.09 -15.92 -18.67 -21.32 -23.88 -26.35 -28.74 -31.03 -33.23 -35.35 -37.38 -39.32 -41.17 -42.94 -44.62 -46.21 -47.73 -49.16 -50.50 -51.76 -52.95 -54.05 -55.07 -56.00 -56.86 -57.64 -58.34 -58.97 -59.51 -59.97 -60.36 -60.67 -60.90 -61.06 -61.14 -61.14 -61.06 -60.90 -60.67 -60.36 -59.97 -59.51 -58.97 -58.34 -57.64 -56.86 -56.00 -55.07 -54.05 -52.95 -51.76 -50.50 -49.16 -47.73 -46.21 -44.62 -42.94 -41.17 -39.32 -37.38 -35.35 -33.23 -31.03 -28.74 -26.35 -23.88 -21.32 -18.67 -15.92 -13.09 -10.17 -7.16 -4.06 -0.87  2.40  5.76  9.20 12.72 16.32 20.00
20.00 16.26 12.59  9.00  5.50  2.08 -1.25 -4.50 -7.66 -10.72 -13.70 -16.58 -19.37 -22.07 -24.67 -27.19 -29.61 -31.94 -34.18 -36.33 -38.38 -40.35 -42.24 -44.03 -45.73 -47.35 -48.89 -50.34 -51.70 -52.98 -54.18 -55.29 -56.33 -57.28 -58.15 -58.94 -59.65 -60.28 -60.83 -61.30 -61.69 -62.01 -62.24 -62.40 -62.48 -62.48 -62.40 -62.24 -62.01 -61.69 -61.30 -60.83 -60.28 -59.65 -58.94 -58.15 -57.28 -56.33 -55.29 -54.18 -52.98 -51.70 -50.34 -48.89 -47.35 -45.73 -44.03 -42.24 -40.35 -38.39 -36.33 -34.18 -31.94 -29.61 -27.19 -24.67 -22.07 -19.37 -16.58 -13.70 -10.72 -7.66 -4.50 -1.25  2.08  5.50  9.00 12.59 16.26 20.00
20.00 16.19 12.45  8.80  5.23  1.75 -1.65 -4.96 -8.17 -11.29 -14.32 -17.25 -20.09 -22.83 -25.48 -28.04 -30.50 -32.86 -35.14 -37.32 -39.41 -41.41 -43.31 -45.13 -46.86 -48.50 -50.06 -51.53 -52.91 -54.21 -55.42 -56.55 -57.60 -58.56 -59.44 -60.24 -60.96 -61.60 -62.15 -62.63 -63.03 -63.35 -63.58 -63.74 -63.82 -63.82 -63.74 -63.58 -63.35 -63.03 -62.63 -62.15 -61.60 -60.96 -60.24 -59.44 -58.56 -57.60 -56.55 -55.42 -54.21 -52.91 -51.53 -50.06 -48.50 -46.86 -45.13 -43.31 -41.41 -39.41 -37.32 -35.14 -32.87 -30.50 -28.04 -25.48 -22.84 -20.09 -17.25 -14.32 -11.29 -8.17 -4.96 -1.65  1.75  5.23  8.80 12.45 16.19 20.00
20.00 16.12 12.31  8.59  4.95  1.40 -2.06 -5.43 -8.70 -11.88 -14.96 -17.95 -20.83 -23.62 -26.31 -28.91 -31.41 -33.81 -36.12 -38.33 -40.45 -42.47 -44.41 -46.25 -48.00 -49.67 -51.24 -52.73 -54.13 -55.44 -56.67 -57.81 -58.87 -59.85 -60.74 -61.55 -62.28 -62.92 -63.48 -63.97 -64.37 -64.69 -64.93 -65.09 -65.17 -65.17 -65.09 -64.93 -64.69 -64.37 -63.97 -63.48 -62.92 -62.28 -61.55 -60.74 -59.85 -58.87 -57.81 -56.67 -55.44 -54.13 -52.73 -51.24 -49.67 -48.00 -46.25 -44.41 -42.47 -40.45 -38.33 -36.12 -33.81 -31.41 -28.91 -26.31 -23.62 -20.83 -17.95 -14.96 -11.88 -8.70 -5.43 -2.06  1.40  4.95  8.59 12.31 16.12 20.00
20.00 16.04 12.16  8.37  4.66  1.04 -2.49 -5.92 -9.26 -12.49 -15.63 -18.66 -21.60 -24.43 -27.17 -29.80 -32.34 -34.77 -37.11 -39.36 -41.51 -43.56 -45.52 -47.38 -49.16 -50.84 -52.44 -53.94 -55.36 -56.69 -57.93 -59.09 -60.16 -61.14 -62.04 -62.86 -63.60 -64.25 -64.82 -65.31 -65.71 -66.04 -66.28 -66.44 -66.53 -66.53 -66.44 -66.28 -66.04 -65.71 -65.31 -64.82 -64.25 -63.60 -62.86 -62.04 -61.14 -60.16 -59.09 -57.93 -56.69 -55.36 -53.94 -52.44 -50.84 -49.16 -47.38 -45.52 -43.56 -41.51 -39.36 -37.11 -34.77 -32.34 -29.80 -27.17 -24.43 -21.60 -18.66 -15.63 -12.49 -9.26 -5.92 -2.49  1.04  4.66  8.36 12.16 16.04 20.00
20.00 15.96 12.00  8.13  4.35  0.65 -2.94 -6.44 -9.83 -13.13 -16.32 -19.40 -22.39 -25.27 -28.04 -30.72 -33.29 -35.76 -38.13 -40.41 -42.58 -44.66 -46.65 -48.53 -50.33 -52.03 -53.65 -55.17 -56.60 -57.94 -59.20 -60.37 -61.45 -62.45 -63.36 -64.19 -64.93 -65.59 -66.16 -66.66 -67.07 -67.39 -67.64 -67.80 -67.89 -67.89 -67.80 -67.64 -67.39 -67.07 -66.66 -66.16 -65.59 -64.93 -64.19 -63.36 -62.45 -61.45 -60.37 -59.20 -57.94 -56.60 -55.17 -53.65 -52.03 -50.33 -48.53 -46.65 -44.66 -42.58 -40.41 -38.13 -35.76 -33.29 -30.72 -28.04 -25.27 -22.39 -19.40 -16.32 -13.13 -9.83 -6.44 -2.94  0.65  4.35  8.13 12.00 15.96 20.00
20.00 15.88 11.84  7.88  4.02  0.25 -3.41 -6.98 -10.44 -13.79 -17.04 -20.17 -23.21 -26.13 -28.95 -31.66 -34.27 -36.77 -39.18 -41.48 -43.68 -45.78 -47.79 -49.70 -51.52 -53.24 -54.87 -56.41 -57.86 -59.21 -60.48 -61.66 -62.76 -63.76 -64.68 -65.52 -66.27 -66.93 -67.51 -68.01 -68.43 -68.76 -69.01 -69.17 -69.25 -69.25 -69.17 -69.01 -68.76 -68.43 -68.01 -67.52 -66.93 -66.27 -65.52 -64.68 -63.76 -62.76 -61.66 -60.48 -59.22 -57.86 -56.41 -54.87 -53.24 -51.52 -49.70 -47.79 -45.79 -43.68 -41.48 -39.18 -36.77 -34.27 -31.66 -28.95 -26.13 -23.21 -20.17 -17.04 -13.79 -10.44 -6.98 -3.41  0.25  4.02  7.88 11.84 15.88 20.00
20.00 15.79 11.66  7.62  3.67 -0.17 -3.91 -7.55 -11.07 -14.49 -17.79 -20.98 -24.06 -27.02 -29.88 -32.63 -35.27 -37.81 -40.24 -42.57 -44.80 -46.93 -48.96 -50.89 -52.73 -54.47 -56.11 -57.67 -59.13 -60.50 -61.78 -62.97 -64.07 -65.09 -66.02 -66.86 -67.62 -68.29 -68.87 -69.38 -69.79 -70.13 -70.38 -70.55 -70.63 -70.63 -70.55 -70.38 -70.13 -69.79 -69.38 -68.88 -68.29 -67.62 -66.86 -66.02 -65.09 -64.07 -62.97 -61.78 -60.50 -59.13 -57.67 -56.11 -54.47 -52.73 -50.89 -48.96 -46.93 -44.80 -42.58 -40.25 -37.81 -35.28 -32.63 -29.88 -27.02 -24.06 -20.98 -17.79 -14.49 -11.07 -7.55 -3.91 -0.17  3.67  7.62 11.66 15.79 20.00
20.00 15.69 11.47  7.33  3.30 -0.63 -4.45 -8.15 -11.74 -15.22 -18.57 -21.82 -24.94 -27.95 -30.85 -33.64 -36.31 -38.88 -41.34 -43.70 -45.95 -48.10 -50.15 -52.10 -53.95 -55.71 -57.37 -58.94 -60.42 -61.80 -63.09 -64.29 -65.40 -66.43 -67.36 -68.21 -68.98 -69.65 -70.24 -70.75 -71.17 -71.51 -71.76 -71.93 -72.01 -72.01 -71.93 -71.76 -71.51 -71.17 -70.75 -70.24 -69.65 -68.98 -68.21 -67.37 -66.43 -65.40 -64.29 -63.09 -61.80 -60.42 -58.94 -57.37 -55.71 -53.96 -52.10 -50.15 -48.10 -45.95 -43.70 -41.34 -38.88 -36.31 -33.64 -30.85 -27.95 -24.94 -21.82 -18.58 -15.22 -11.74 -8.15 -4.45 -0.63  3.30  7.33 11.47 15.69 20.00
20.00 15.58 11.26  7.02  2.90 -1.12 -5.02 -8.80 -12.46 -15.99 -19.40 -22.70 -25.87 -28.92 -31.85 -34.68 -37.38 -39.98 -42.47 -44.85 -47.12 -49.30 -51.37 -53.33 -55.20 -56.98 -58.65 -60.23 -61.72 -63.11 -64.42 -65.63 -66.75 -67.78 -68.72 -69.58 -70.35 -71.03 -71.62 -72.13 -72.56 -72.90 -73.15 -73.32 -73.40 -73.40 -73.32 -73.15 -72.90 -72.56 -72.13 -71.62 -71.03 -70.35 -69.58 -68.72 -67.78 -66.75 -65.63 -64.42 -63.11 -61.72 -60.23 -58.65 -56.98 -55.20 -53.33 -51.37 -49.30 -47.12 -44.85 -42.47 -39.98 -37.38 -34.68 -31.86 -28.92 -25.87 -22.70 -19.40 -15.99 -12.46 -8.80 -5.02 -1.12  2.90  7.02 11.26 15.58 20.00
20.00 15.47 11.02  6.68  2.46 -1.65 -5.64 -9.49 -13.22 -16.81 -20.28 -23.62 -26.84 -29.93 -32.90 -35.75 -38.49 -41.12 -43.63 -46.03 -48.33 -50.52 -52.61 -54.59 -56.48 -58.26 -59.95 -61.54 -63.04 -64.45 -65.76 -66.98 -68.11 -69.14 -70.09 -70.96 -71.73 -72.42 -73.01 -73.53 -73.95 -74.30 -74.55 -74.72 -74.81 -74.81 -74.72 -74.55 -74.30 -73.95 -73.53 -73.02 -72.42 -71.73 -70.96 -70.09 -69.14 -68.11 -66.98 -65.76 -64.45 -63.04 -61.54 -59.95 -58.26 -56.48 -54.59 -52.61 -50.52 -48.33 -46.03 -43.63 -41.12 -38.49 -35.75 -32.90 -29.93 -26.84 -23.62 -20.28 -16.81 -13.22 -9.49 -5.64 -1.65  2.46  6.68 11.02 15.47 20.00
20.00 15.34 10.77  6.31  1.97 -2.24 -6.31 -10.24 -14.03 -17.69 -21.21 -24.59 -27.85 -30.98 -33.99 -36.87 -39.64 -42.29 -44.82 -47.25 -49.56 -51.77 -53.87 -55.87 -57.77 -59.57 -61.27 -62.87 -64.38 -65.80 -67.11 -68.34 -69.48 -70.52 -71.48 -72.35 -73.12 -73.81 -74.42 -74.93 -75.36 -75.71 -75.96 -76.13 -76.22 -76.22 -76.13 -75.96 -75.71 -75.36 -74.93 -74.42 -73.81 -73.12 -72.35 -71.48 -70.52 -69.48 -68.34 -67.12 -65.80 -64.38 -62.87 -61.27 -59.57 -57.77 -55.87 -53.87 -51.77 -49.56 -47.25 -44.82 -42.29 -39.64 -36.87 -33.99 -30.98 -27.85 -24.59 -21.21 -17.69 -14.03 -10.24 -6.31 -2.24  1.97  6.31 10.77 15.34 20.00
20.00 15.19 10.47  5.88  1.43 -2.88 -7.04 -11.05 -14.91 -18.62 -22.19 -25.62 -28.92 -32.09 -35.12 -38.03 -40.82 -43.50 -46.05 -48.49 -50.83 -53.05 -55.17 -57.18 -59.09 -60.90 -62.61 -64.23 -65.74 -67.16 -68.49 -69.72 -70.87 -71.92 -72.88 -73.75 -74.53 -75.23 -75.83 -76.35 -76.78 -77.13 -77.38 -77.56 -77.64 -77.64 -77.56 -77.38 -77.13 -76.78 -76.35 -75.83 -75.23 -74.53 -73.75 -72.88 -71.92 -70.87 -69.72 -68.49 -67.16 -65.74 -64.23 -62.61 -60.90 -59.09 -57.18 -55.17 -53.05 -50.83 -48.49 -46.05 -43.50 -40.82 -38.03 -35.12 -32.09 -28.92 -25.62 -22.19 -18.62 -14.91 -11.05 -7.04 -2.88  1.43  5.88 10.47 15.19 20.00
20.00 15.01 10.13  5.40  0.82 -3.60 -7.85 -11.93 -15.86 -19.63 -23.24 -26.71 -30.05 -33.24 -36.31 -39.24 -42.05 -44.75 -47.32 -49.78 -52.13 -54.36 -56.49 -58.52 -60.44 -62.26 -63.98 -65.60 -67.12 -68.55 -69.88 -71.12 -72.27 -73.33 -74.29 -75.17 -75.95 -76.65 -77.26 -77.78 -78.21 -78.56 -78.82 -78.99 -79.08 -79.08 -78.99 -78.82 -78.56 -78.21 -77.78 -77.26 -76.65 -75.95 -75.17 -74.29 -73.33 -72.27 -71.12 -69.88 -68.55 -67.12 -65.60 -63.98 -62.26 -60.44 -58.52 -56.49 -54.36 -52.13 -49.78 -47.32 -44.75 -42.05 -39.24 -36.31 -33.24 -30.05 -26.72 -23.24 -19.63 -15.86 -11.93 -7.85 -3.60  0.82  5.40 10.13 15.01 20.00
20.00 14.80  9.73  4.83  0.11 -4.41 -8.75 -12.90 -16.89 -20.70 -24.36 -27.87 -31.23 -34.46 -37.54 -40.50 -43.33 -46.04 -48.63 -51.10 -53.46 -55.71 -57.85 -59.88 -61.81 -63.64 -65.37 -66.99 -68.52 -69.96 -71.30 -72.54 -73.69 -74.75 -75.72 -76.60 -77.39 -78.09 -78.70 -79.22 -79.65 -80.00 -80.26 -80.44 -80.52 -80.52 -80.44 -80.26 -80.00 -79.65 -79.22 -78.70 -78.09 -77.39 -76.60 -75.72 -74.75 -73.69 -72.54 -71.30 -69.96 -68.52 -66.99 -65.37 -63.64 -61.81 -59.88 -57.85 -55.71 -53.46 -51.10 -48.63 -46.04 -43.33 -40.50 -37.54 -34.46 -31.23 -27.87 -24.36 -20.70 -16.89 -12.90 -8.75 -4.41  0.11  4.83  9.73 14.80 20.00
20.00 14.53  9.23  4.15 -0.70 -5.33 -9.75 -13.97 -18.01 -21.87 -25.56 -29.10 -32.48 -35.73 -38.83 -41.81 -44.65 -47.38 -49.98 -52.46 -54.83 -57.09 -59.23 -61.28 -63.21 -65.05 -66.78 -68.41 -69.95 -71.38 -72.73 -73.98 -75.13 -76.19 -77.16 -78.05 -78.84 -79.54 -80.15 -80.67 -81.11 -81.46 -81.72 -81.89 -81.98 -81.98 -81.89 -81.72 -81.46 -81.11 -80.67 -80.15 -79.54 -78.84 -78.05 -77.17 -76.19 -75.13 -73.98 -72.73 -71.39 -69.95 -68.41 -66.78 -65.05 -63.21 -61.28 -59.23 -57.09 -54.83 -52.46 -49.98 -47.38 -44.65 -41.81 -38.83 -35.73 -32.48 -29.10 -25.56 -21.87 -18.01 -13.97 -9.75 -5.33 -0.70  4.15  9.23 14.53 20.00
20.00 14.17  8.59  3.32 -1.67 -6.39 -10.88 -15.15 -19.23 -23.12 -26.84 -30.40 -33.80 -37.06 -40.18 -43.17 -46.03 -48.76 -51.37 -53.86 -56.23 -58.50 -60.65 -62.70 -64.64 -66.48 -68.22 -69.85 -71.39 -72.83 -74.18 -75.43 -76.59 -77.65 -78.62 -79.51 -80.30 -81.00 -81.62 -82.14 -82.58 -82.93 -83.19 -83.36 -83.45 -83.45 -83.36 -83.19 -82.93 -82.58 -82.14 -81.62 -81.00 -80.30 -79.51 -78.63 -77.65 -76.59 -75.43 -74.18 -72.83 -71.39 -69.85 -68.22 -66.48 -64.64 -62.70 -60.65 -58.50 -56.24 -53.86 -51.37 -48.76 -46.03 -43.17 -40.18 -37.06 -33.80 -30.40 -26.84 -23.12 -19.23 -15.15 -10.88 -6.39 -1.67  3.32  8.59 14.17 20.00
20.00 13.62  7.73  2.27 -2.82 -7.61 -12.15 -16.45 -20.56 -24.47 -28.20 -31.78 -35.19 -38.46 -41.59 -44.59 -47.45 -50.19 -52.80 -55.30 -57.68 -59.95 -62.10 -64.15 -66.10 -67.94 -69.68 -71.32 -72.86 -74.30 -75.65 -76.90 -78.06 -79.13 -80.10 -80.98 -81.78 -82.48 -83.09 -83.62 -84.06 -84.41 -84.67 -84.84 -84.93 -84.93 -84.84 -84.67 -84.41 -84.06 -83.62 -83.09 -82.48 -81.78 -80.98 -80.10 -79.13 -78.06 -76.90 -75.65 -74.30 -72.86 -71.32 -69.68 -67.94 -66.10 -64.15 -62.10 -59.95 -57.68 -55.30 -52.80 -50.19 -47.45 -44.59 -41.59 -38.47 -35.20 -31.78 -28.20 -24.47 -20.56 -16.45 -12.15 -7.61 -2.82  2.27  7.73 13.62 20.00
20.00 12.67  6.50  0.94 -4.20 -9.02 -13.57 -17.89 -22.00 -25.92 -29.66 -33.24 -36.66 -39.93 -43.06 -46.06 -48.92 -51.66 -54.28 -56.78 -59.16 -61.43 -63.59 -65.64 -67.58 -69.43 -71.17 -72.81 -74.35 -75.79 -77.14 -78.39 -79.55 -80.62 -81.59 -82.48 -83.27 -83.97 -84.59 -85.11 -85.55 -85.90 -86.16 -86.34 -86.42 -86.42 -86.34 -86.16 -85.90 -85.55 -85.11 -84.59 -83.97 -83.27 -82.48 -81.59 -80.62 -79.55 -78.39 -77.14 -75.79 -74.35 -72.81 -71.17 -69.43 -67.58 -65.64 -63.59 -61.43 -59.16 -56.78 -54.28 -51.66 -48.92 -46.06 -43.06 -39.93 -36.66 -33.24 -29.66 -25.92 -22.00 -17.89 -13.57 -9.02 -4.20  0.94  6.50 12.67 20.00
