#Datos para dt = 0.2. Método Euler.
t			v			Solución Exacta
0.000	4.00000	4.00000
0.200	4.28571	4.27618
0.400	4.55238	4.53557
0.600	4.80343	4.78091
0.800	5.04135	5.01427
1.000	5.26805	5.23723
1.200	5.48499	5.45108
1.400	5.69335	5.65685
1.600	5.89409	5.85540
1.800	6.08799	6.04743
2.000	6.27571	6.23355
2.200	6.45782	6.41427
2.400	6.63479	6.59004
2.600	6.80704	6.76123
2.800	6.97494	6.92820
3.000	7.13879	7.09124
3.200	7.29888	7.25062
3.400	7.45546	7.40656
3.600	7.60875	7.55929
3.800	7.75895	7.70899
4.000	7.90625	7.85584
4.200	8.05080	8.00000
4.400	8.19275	8.14160
4.600	8.33225	8.28079
4.800	8.46941	8.41767
5.000	8.60435	8.55236
5.200	8.73717	8.68496
5.400	8.86798	8.81557
5.600	8.99685	8.94427
5.800	9.12388	9.07115
6.000	9.24914	9.19627
6.200	9.37270	9.31972
6.400	9.49464	9.44155
6.600	9.61501	9.56183
6.800	9.73387	9.68061
7.000	9.85128	9.79796
7.200	9.96729	9.91392
7.400	10.08195	10.02853
7.600	10.19531	10.14185
7.800	10.30740	10.25392
8.000	10.41828	10.36478
8.200	10.52798	10.47446
8.400	10.63653	10.58301
8.600	10.74398	10.69045
8.800	10.85035	10.79682
9.000	10.95568	10.90216
9.200	11.06000	11.00649
9.400	11.16333	11.10984
9.600	11.26571	11.21224
9.800	11.36715	11.31371
10.000	11.46769	11.41428
10.200	11.56735	11.51397
10.400	11.66615	11.61280
10.600	11.76411	11.71080
10.800	11.86126	11.80799
11.000	11.95761	11.90438
11.200	12.05319	12.00000
11.400	12.14801	12.09486
11.600	12.24209	12.18899
11.800	12.33544	12.28239
12.000	12.42809	12.37509
12.200	12.52005	12.46710
12.400	12.61133	12.55843
12.600	12.70195	12.64911
12.800	12.79192	12.73914
13.000	12.88127	12.82854
13.200	12.96999	12.91732
13.400	13.05810	13.00549
13.600	13.14563	13.09307
13.800	13.23256	13.18007
14.000	13.31893	13.26650
14.200	13.40474	13.35237
14.400	13.49000	13.43769
14.600	13.57471	13.52247
14.800	13.65890	13.60672
15.000	13.74258	13.69046
15.200	13.82574	13.77368
15.400	13.90840	13.85641
15.600	13.99057	13.93864
15.800	14.07226	14.02039
16.000	14.15347	14.10167
16.200	14.23422	14.18248
16.400	14.31451	14.26284
16.600	14.39435	14.34274
16.800	14.47374	14.42221
17.000	14.55270	14.50123
17.200	14.63124	14.57983
17.400	14.70935	14.65801
17.600	14.78704	14.73577
17.800	14.86433	14.81312
18.000	14.94122	14.89007
18.200	15.01771	14.96663
18.400	15.09381	15.04280
18.600	15.16952	15.11858
18.800	15.24486	15.19398
19.000	15.31983	15.26902
19.200	15.39443	15.34368
19.400	15.46867	15.41799
19.600	15.54255	15.49193
19.800	15.61608	15.56553
20.000	15.68927	15.63878
20.200	15.76211	15.71169
20.400	15.83462	15.78426
20.600	15.90679	15.85650
20.800	15.97864	15.92841
21.000	16.05016	16.00000
21.200	16.12137	16.07127
21.400	16.19226	16.14223
21.600	16.26284	16.21287
21.800	16.33311	16.28321
22.000	16.40308	16.35324
22.200	16.47276	16.42298
22.400	16.54214	16.49242
22.600	16.61122	16.56157
22.800	16.68002	16.63044
23.000	16.74854	16.69902
23.200	16.81678	16.76732
23.400	16.88474	16.83534
23.600	16.95242	16.90309
23.800	17.01984	16.97056
24.000	17.08699	17.03777
24.200	17.15387	17.10472
24.400	17.22049	17.17140
24.600	17.28686	17.23783
24.800	17.35297	17.30400
25.000	17.41883	17.36992
25.200	17.48444	17.43560
25.400	17.54981	17.50102
25.600	17.61493	17.56620
25.800	17.67981	17.63114
26.000	17.74445	17.69584
26.200	17.80886	17.76031
26.400	17.87303	17.82454
26.600	17.93697	17.88854
26.800	18.00069	17.95232
27.000	18.06418	18.01587
27.200	18.12744	18.07919
27.400	18.19049	18.14229
27.600	18.25332	18.20518
27.800	18.31593	18.26785
28.000	18.37832	18.33030
28.200	18.44051	18.39255
28.400	18.50248	18.45458
28.600	18.56425	18.51640
28.800	18.62581	18.57802
29.000	18.68717	18.63944
29.200	18.74833	18.70065
29.400	18.80929	18.76166
29.600	18.87005	18.82248
29.800	18.93061	18.88310
30.000	18.99098	18.94353
30.200	19.05116	19.00376
30.400	19.11115	19.06380
30.600	19.17095	19.12366
30.800	19.23057	19.18333
31.000	19.29000	19.24281
31.200	19.34924	19.30211
31.400	19.40831	19.36123
31.600	19.46719	19.42017
31.800	19.52590	19.47893
32.000	19.58443	19.53751
32.200	19.64278	19.59592
32.400	19.70097	19.65415
32.600	19.75898	19.71222
32.800	19.81682	19.77011
33.000	19.87449	19.82783
33.200	19.93199	19.88539
33.400	19.98933	19.94278
33.600	20.04650	20.00000
33.800	20.10351	20.05706
34.000	20.16036	20.11396
34.200	20.21705	20.17070
34.400	20.27358	20.22728
34.600	20.32995	20.28370
34.800	20.38617	20.33997
35.000	20.44223	20.39608
35.200	20.49813	20.45203
35.400	20.55389	20.50784
35.600	20.60949	20.56349
35.800	20.66494	20.61899
36.000	20.72025	20.67435
36.200	20.77540	20.72955
36.400	20.83041	20.78461
36.600	20.88528	20.83952
36.800	20.94000	20.89429
37.000	20.99458	20.94892
37.200	21.04901	21.00340
37.400	21.10331	21.05774
37.600	21.15746	21.11195
37.800	21.21148	21.16601
38.000	21.26536	21.21994
38.200	21.31910	21.27373
38.400	21.37271	21.32738
38.600	21.42618	21.38090
38.800	21.47952	21.43428
39.000	21.53273	21.48754
39.200	21.58580	21.54066
39.400	21.63875	21.59365
39.600	21.69156	21.64651
39.800	21.74425	21.69924
40.000	21.79681	21.75185
40.200	21.84924	21.80432
40.400	21.90155	21.85668
40.600	21.95373	21.90890
40.800	22.00579	21.96100
41.000	22.05772	22.01298
41.200	22.10953	22.06484
41.400	22.16122	22.11657
41.600	22.21279	22.16819
41.800	22.26424	22.21968
42.000	22.31558	22.27106
42.200	22.36679	22.32231
42.400	22.41789	22.37345
42.600	22.46887	22.42448
42.800	22.51973	22.47538
43.000	22.57048	22.52618
43.200	22.62111	22.57685
43.400	22.67164	22.62742
43.600	22.72204	22.67787
43.800	22.77234	22.72821
44.000	22.82253	22.77844
44.200	22.87260	22.82855
44.400	22.92257	22.87856
44.600	22.97243	22.92846
44.800	23.02218	22.97825
45.000	23.07182	23.02793
45.200	23.12135	23.07751
45.400	23.17078	23.12698
45.600	23.22010	23.17634
45.800	23.26932	23.22560
46.000	23.31844	23.27476
46.200	23.36745	23.32381
46.400	23.41636	23.37276
46.600	23.46516	23.42160
46.800	23.51387	23.47035
47.000	23.56247	23.51899
47.200	23.61097	23.56753
47.400	23.65938	23.61598
47.600	23.70768	23.66432
47.800	23.75589	23.71256
48.000	23.80400	23.76071
48.200	23.85201	23.80876
48.400	23.89992	23.85672
48.600	23.94774	23.90457
48.800	23.99546	23.95233
49.000	24.04309	24.00000
49.200	24.09063	24.04757
49.400	24.13807	24.09505
49.600	24.18541	24.14243
49.800	24.23267	24.18973
50.000	24.27983	24.23693
50.200	24.32690	24.28403
50.400	24.37388	24.33105
50.600	24.42077	24.37798
50.800	24.46756	24.42481
51.000	24.51427	24.47156
51.200	24.56089	24.51821
51.400	24.60742	24.56478
51.600	24.65387	24.61126
51.800	24.70022	24.65766
52.000	24.74649	24.70396
52.200	24.79268	24.75018
52.400	24.83877	24.79631
52.600	24.88478	24.84236
52.800	24.93071	24.88832
53.000	24.97655	24.93420
53.200	25.02231	24.97999
53.400	25.06798	25.02570
53.600	25.11357	25.07133
53.800	25.15908	25.11687
54.000	25.20450	25.16233
54.200	25.24985	25.20771
54.400	25.29511	25.25301
54.600	25.34029	25.29822
54.800	25.38539	25.34336
55.000	25.43041	25.38841
55.200	25.47535	25.43339
55.400	25.52021	25.47828
55.600	25.56500	25.52310
55.800	25.60970	25.56784
56.000	25.65433	25.61250
56.200	25.69887	25.65708
56.400	25.74335	25.70158
56.600	25.78774	25.74601
56.800	25.83206	25.79036
57.000	25.87630	25.83464
57.200	25.92047	25.87884
57.400	25.96456	25.92296
57.600	26.00857	25.96701
57.800	26.05251	26.01099
58.000	26.09638	26.05489
58.200	26.14018	26.09871
58.400	26.18390	26.14247
58.600	26.22754	26.18615
58.800	26.27112	26.22975
59.000	26.31462	26.27329
59.200	26.35805	26.31675
59.400	26.40141	26.36014
59.600	26.44470	26.40346
59.800	26.48791	26.44671
60.000	26.53106	26.48989
60.200	26.57414	26.53300
60.400	26.61714	26.57604
60.600	26.66008	26.61901
60.800	26.70295	26.66190
61.000	26.74575	26.70473
61.200	26.78848	26.74750
61.400	26.83114	26.79019
61.600	26.87373	26.83282
61.800	26.91626	26.87537
62.000	26.95872	26.91786
62.200	27.00111	26.96029
62.400	27.04344	27.00265
62.600	27.08570	27.04494
62.800	27.12789	27.08716
63.000	27.17002	27.12932
63.200	27.21209	27.17141
63.400	27.25408	27.21344
63.600	27.29602	27.25541
63.800	27.33789	27.29730
64.000	27.37969	27.33914
64.200	27.42143	27.38091
64.400	27.46311	27.42262
64.600	27.50472	27.46426
64.800	27.54627	27.50584
65.000	27.58776	27.54736
65.200	27.62919	27.58882
65.400	27.67055	27.63021
65.600	27.71186	27.67154
65.800	27.75310	27.71281
66.000	27.79428	27.75402
66.200	27.83539	27.79517
66.400	27.87645	27.83626
66.600	27.91745	27.87728
66.800	27.95839	27.91825
67.000	27.99926	27.95915
67.200	28.04008	28.00000
67.400	28.08084	28.04079
67.600	28.12154	28.08151
67.800	28.16218	28.12218
68.000	28.20276	28.16279
68.200	28.24328	28.20334
68.400	28.28375	28.24384
68.600	28.32415	28.28427
68.800	28.36450	28.32465
69.000	28.40479	28.36497
69.200	28.44503	28.40523
69.400	28.48521	28.44544
69.600	28.52533	28.48559
69.800	28.56539	28.52568
70.000	28.60540	28.56571
70.200	28.64535	28.60569
70.400	28.68525	28.64562
70.600	28.72509	28.68549
70.800	28.76488	28.72530
71.000	28.80461	28.76506
71.200	28.84429	28.80476
71.400	28.88391	28.84441
71.600	28.92347	28.88400
71.800	28.96299	28.92354
72.000	29.00245	28.96303
72.200	29.04185	29.00246
72.400	29.08120	29.04184
72.600	29.12050	29.08117
72.800	29.15975	29.12044
73.000	29.19894	29.15966
73.200	29.23808	29.19883
73.400	29.27717	29.23794
73.600	29.31621	29.27700
73.800	29.35519	29.31601
74.000	29.39412	29.35497
74.200	29.43300	29.39388
74.400	29.47183	29.43273
74.600	29.51061	29.47154
74.800	29.54934	29.51029
75.000	29.58801	29.54899
75.200	29.62664	29.58764
75.400	29.66521	29.62624
75.600	29.70374	29.66479
75.800	29.74221	29.70329
76.000	29.78064	29.74175
76.200	29.81901	29.78015
76.400	29.85734	29.81850
76.600	29.89562	29.85680
76.800	29.93385	29.89505
77.000	29.97203	29.93326
77.200	30.01016	29.97141
77.400	30.04824	30.00952
77.600	30.08627	30.04758
77.800	30.12426	30.08559
78.000	30.16220	30.12356
78.200	30.20009	30.16147
78.400	30.23793	30.19934
78.600	30.27573	30.23716
78.800	30.31347	30.27493
79.000	30.35118	30.31266
79.200	30.38883	30.35034
79.400	30.42644	30.38797
79.600	30.46400	30.42555
79.800	30.50151	30.46309
80.000	30.53898	30.50059
80.200	30.57641	30.53803
80.400	30.61378	30.57543
80.600	30.65111	30.61279
80.800	30.68840	30.65010
81.000	30.72564	30.68736
81.200	30.76284	30.72458
81.400	30.79999	30.76176
81.600	30.83709	30.79889
81.800	30.87415	30.83597
82.000	30.91117	30.87301
82.200	30.94814	30.91001
82.400	30.98507	30.94696
82.600	31.02196	30.98387
82.800	31.05880	31.02073
83.000	31.09559	31.05755
83.200	31.13235	31.09433
83.400	31.16906	31.13106
83.600	31.20572	31.16775
83.800	31.24234	31.20440
84.000	31.27893	31.24100
84.200	31.31546	31.27756
84.400	31.35196	31.31408
84.600	31.38841	31.35055
84.800	31.42482	31.38699
85.000	31.46119	31.42338
85.200	31.49751	31.45972
85.400	31.53380	31.49603
85.600	31.57004	31.53230
85.800	31.60624	31.56852
86.000	31.64240	31.60470
86.200	31.67852	31.64084
86.400	31.71460	31.67694
86.600	31.75063	31.71300
86.800	31.78663	31.74902
87.000	31.82258	31.78499
87.200	31.85849	31.82093
87.400	31.89437	31.85682
87.600	31.93020	31.89268
87.800	31.96599	31.92849
88.000	32.00174	31.96427
88.200	32.03746	32.00000
88.400	32.07313	32.03569
88.600	32.10876	32.07135
88.800	32.14435	32.10696
89.000	32.17991	32.14254
89.200	32.21542	32.17808
89.400	32.25090	32.21357
89.600	32.28633	32.24903
89.800	32.32173	32.28445
90.000	32.35709	32.31983
90.200	32.39241	32.35517
90.400	32.42769	32.39047
90.600	32.46294	32.42574
90.800	32.49814	32.46097
91.000	32.53331	32.49615
91.200	32.56844	32.53130
91.400	32.60353	32.56642
91.600	32.63858	32.60149
91.800	32.67360	32.63653
92.000	32.70857	32.67153
92.200	32.74351	32.70649
92.400	32.77842	32.74141
92.600	32.81328	32.77630
92.800	32.84811	32.81115
93.000	32.88291	32.84596
93.200	32.91766	32.88074
93.400	32.95238	32.91548
93.600	32.98706	32.95018
93.800	33.02171	32.98485
94.000	33.05632	33.01947
94.200	33.09089	33.05407
94.400	33.12543	33.08863
94.600	33.15993	33.12315
94.800	33.19439	33.15763
95.000	33.22882	33.19208
95.200	33.26322	33.22650
95.400	33.29757	33.26087
95.600	33.33190	33.29522
95.800	33.36618	33.32952
96.000	33.40043	33.36380
96.200	33.43465	33.39803
96.400	33.46883	33.43223
96.600	33.50298	33.46640
96.800	33.53709	33.50053
97.000	33.57117	33.53463
97.200	33.60521	33.56869
97.400	33.63922	33.60272
97.600	33.67320	33.63671
97.800	33.70713	33.67067
98.000	33.74104	33.70460
98.200	33.77491	33.73849
98.400	33.80875	33.77235
98.600	33.84255	33.80617
98.800	33.87632	33.83996
99.000	33.91006	33.87372
99.200	33.94376	33.90744
99.400	33.97743	33.94113
99.600	34.01107	33.97478
99.800	34.04467	34.00840
100.000	34.07824	34.04199
100.200	34.11177	34.07555
100.400	34.14528	34.10907
100.600	34.17875	34.14256
100.800	34.21219	34.17601
101.000	34.24559	34.20944
101.200	34.27896	34.24283
101.400	34.31230	34.27619
101.600	34.34561	34.30952
101.800	34.37889	34.34281
102.000	34.41213	34.37607
102.200	34.44534	34.40930
102.400	34.47852	34.44250
102.600	34.51167	34.47566
102.800	34.54478	34.50880
103.000	34.57786	34.54190
103.200	34.61092	34.57497
103.400	34.64394	34.60801
103.600	34.67692	34.64102
103.800	34.70988	34.67399
104.000	34.74281	34.70694
104.200	34.77570	34.73985
104.400	34.80857	34.77273
104.600	34.84140	34.80558
104.800	34.87420	34.83840
105.000	34.90697	34.87119
105.200	34.93971	34.90395
105.400	34.97242	34.93668
105.600	35.00510	34.96937
105.800	35.03775	35.00204
106.000	35.07037	35.03468
106.200	35.10295	35.06728
106.400	35.13551	35.09986
106.600	35.16804	35.13240
106.800	35.20053	35.16492
107.000	35.23300	35.19740
107.200	35.26544	35.22986
107.400	35.29785	35.26228
107.600	35.33022	35.29468
107.800	35.36257	35.32704
108.000	35.39489	35.35938
108.200	35.42718	35.39169
108.400	35.45944	35.42396
108.600	35.49167	35.45621
108.800	35.52387	35.48843
109.000	35.55604	35.52062
109.200	35.58818	35.55278
109.400	35.62030	35.58491
109.600	35.65238	35.61701
109.800	35.68444	35.64908
110.000	35.71646	35.68113
110.200	35.74846	35.71314
110.400	35.78043	35.74513
110.600	35.81237	35.77709
110.800	35.84428	35.80902
111.000	35.87617	35.84092
111.200	35.90802	35.87279
111.400	35.93985	35.90464
111.600	35.97165	35.93645
111.800	36.00342	35.96824
112.000	36.03516	36.00000
112.200	36.06688	36.03173
112.400	36.09857	36.06344
112.600	36.13023	36.09511
112.800	36.16186	36.12676
113.000	36.19346	36.15838
113.200	36.22504	36.18997
113.400	36.25659	36.22154
113.600	36.28811	36.25308
113.800	36.31960	36.28459
114.000	36.35107	36.31607
114.200	36.38251	36.34753
114.400	36.41392	36.37896
114.600	36.44530	36.41036
114.800	36.47666	36.44173
115.000	36.50799	36.47308
115.200	36.53930	36.50440
115.400	36.57058	36.53570
115.600	36.60183	36.56696
115.800	36.63305	36.59820
116.000	36.66425	36.62942
116.200	36.69542	36.66061
116.400	36.72656	36.69177
116.600	36.75768	36.72290
116.800	36.78877	36.75401
117.000	36.81984	36.78509
117.200	36.85088	36.81615
117.400	36.88189	36.84717
117.600	36.91288	36.87818
117.800	36.94384	36.90915
118.000	36.97477	36.94011
118.200	37.00568	36.97103
118.400	37.03657	37.00193
118.600	37.06742	37.03280
118.800	37.09826	37.06365
119.000	37.12906	37.09447
119.200	37.15984	37.12527
119.400	37.19060	37.15604
119.600	37.22133	37.18679
119.800	37.25203	37.21751
120.000	37.28271	37.24820
120.200	37.31336	37.27887
120.400	37.34399	37.30952
120.600	37.37460	37.34014
120.800	37.40517	37.37073
121.000	37.43573	37.40130
121.200	37.46626	37.43184
121.400	37.49676	37.46236
121.600	37.52724	37.49286
121.800	37.55769	37.52333
122.000	37.58812	37.55377
122.200	37.61853	37.58419
122.400	37.64891	37.61459
122.600	37.67926	37.64496
122.800	37.70959	37.67530
123.000	37.73990	37.70563
123.200	37.77018	37.73592
123.400	37.80044	37.76620
123.600	37.83068	37.79645
123.800	37.86089	37.82667
124.000	37.89107	37.85687
124.200	37.92123	37.88705
124.400	37.95137	37.91720
124.600	37.98148	37.94733
124.800	38.01157	37.97744
125.000	38.04164	38.00752
125.200	38.07168	38.03758
125.400	38.10170	38.06761
125.600	38.13170	38.09762
125.800	38.16167	38.12761
126.000	38.19162	38.15757
126.200	38.22154	38.18751
126.400	38.25144	38.21742
126.600	38.28132	38.24732
126.800	38.31117	38.27718
127.000	38.34100	38.30703
127.200	38.37081	38.33685
127.400	38.40060	38.36665
127.600	38.43036	38.39643
127.800	38.46009	38.42618
128.000	38.48981	38.45591
128.200	38.51950	38.48562
128.400	38.54917	38.51530
128.600	38.57882	38.54496
128.800	38.60844	38.57460
129.000	38.63804	38.60422
129.200	38.66762	38.63381
129.400	38.69718	38.66338
129.600	38.72671	38.69293
129.800	38.75622	38.72246
130.000	38.78571	38.75196
130.200	38.81518	38.78144
130.400	38.84462	38.81090
130.600	38.87404	38.84033
130.800	38.90344	38.86975
131.000	38.93282	38.89914
131.200	38.96217	38.92851
131.400	38.99150	38.95785
131.600	39.02082	38.98718
131.800	39.05010	39.01648
132.000	39.07937	39.04576
132.200	39.10861	39.07502
132.400	39.13784	39.10426
132.600	39.16704	39.13347
132.800	39.19622	39.16266
133.000	39.22537	39.19184
133.200	39.25451	39.22099
133.400	39.28362	39.25011
133.600	39.31272	39.27922
133.800	39.34179	39.30831
134.000	39.37084	39.33737
134.200	39.39986	39.36641
134.400	39.42887	39.39543
134.600	39.45786	39.42443
134.800	39.48682	39.45341
135.000	39.51576	39.48236
135.200	39.54469	39.51130
135.400	39.57359	39.54021
135.600	39.60246	39.56911
135.800	39.63132	39.59798
136.000	39.66016	39.62683
136.200	39.68898	39.65566
136.400	39.71777	39.68447
136.600	39.74655	39.71326
136.800	39.77530	39.74203
137.000	39.80403	39.77077
137.200	39.83274	39.79950
137.400	39.86144	39.82820
137.600	39.89011	39.85689
137.800	39.91876	39.88555
138.000	39.94739	39.91419
138.200	39.97600	39.94282
138.400	40.00458	39.97142
138.600	40.03315	40.00000
138.800	40.06170	40.02856
139.000	40.09023	40.05710
139.200	40.11873	40.08562
139.400	40.14722	40.11412
139.600	40.17569	40.14260
139.800	40.20413	40.17106
140.000	40.23256	40.19950
140.200	40.26097	40.22792
140.400	40.28935	40.25632
140.600	40.31772	40.28470
140.800	40.34607	40.31306
141.000	40.37439	40.34140
141.200	40.40270	40.36972
141.400	40.43099	40.39802
141.600	40.45925	40.42630
141.800	40.48750	40.45456
142.000	40.51573	40.48280
142.200	40.54393	40.51102
142.400	40.57212	40.53922
142.600	40.60029	40.56740
142.800	40.62844	40.59557
143.000	40.65657	40.62371
143.200	40.68468	40.65183
143.400	40.71277	40.67994
143.600	40.74084	40.70802
143.800	40.76889	40.73608
144.000	40.79693	40.76413
144.200	40.82494	40.79216
144.400	40.85293	40.82016
144.600	40.88091	40.84815
144.800	40.90886	40.87612
145.000	40.93680	40.90407
145.200	40.96472	40.93200
145.400	40.99262	40.95991
145.600	41.02050	40.98780
145.800	41.04836	41.01568
146.000	41.07620	41.04353
146.200	41.10402	41.07137
146.400	41.13183	41.09918
146.600	41.15961	41.12698
146.800	41.18738	41.15476
147.000	41.21513	41.18252
147.200	41.24285	41.21026
147.400	41.27057	41.23799
147.600	41.29826	41.26569
147.800	41.32593	41.29338
148.000	41.35358	41.32104
148.200	41.38122	41.34869
148.400	41.40884	41.37632
148.600	41.43644	41.40393
148.800	41.46402	41.43153
149.000	41.49158	41.45910
149.200	41.51913	41.48666
149.400	41.54665	41.51420
149.600	41.57416	41.54172
149.800	41.60165	41.56922
150.000	41.62912	41.59670
150.200	41.65657	41.62417
150.400	41.68401	41.65162
150.600	41.71143	41.67905
150.800	41.73883	41.70646
151.000	41.76621	41.73385
151.200	41.79357	41.76123
151.400	41.82092	41.78858
151.600	41.84824	41.81592
151.800	41.87555	41.84324
152.000	41.90284	41.87055
152.200	41.93012	41.89783
152.400	41.95737	41.92510
152.600	41.98461	41.95235
152.800	42.01183	41.97959
153.000	42.03904	42.00680
153.200	42.06622	42.03400
153.400	42.09339	42.06118
153.600	42.12054	42.08834
153.800	42.14767	42.11549
154.000	42.17479	42.14262
154.200	42.20189	42.16973
154.400	42.22897	42.19682
154.600	42.25603	42.22389
154.800	42.28308	42.25095
155.000	42.31011	42.27799
155.200	42.33712	42.30501
155.400	42.36411	42.33202
155.600	42.39109	42.35901
155.800	42.41805	42.38598
156.000	42.44499	42.41294
156.200	42.47192	42.43987
156.400	42.49883	42.46679
156.600	42.52572	42.49370
156.800	42.55259	42.52058
157.000	42.57945	42.54745
157.200	42.60629	42.57430
157.400	42.63311	42.60114
157.600	42.65992	42.62796
157.800	42.68671	42.65476
158.000	42.71348	42.68155
158.200	42.74024	42.70831
158.400	42.76698	42.73506
158.600	42.79370	42.76180
158.800	42.82041	42.78852
159.000	42.84710	42.81522
159.200	42.87377	42.84190
159.400	42.90043	42.86857
159.600	42.92707	42.89522
159.800	42.95369	42.92186
160.000	42.98030	42.94847
160.200	43.00689	42.97508
160.400	43.03346	43.00166
160.600	43.06002	43.02823
160.800	43.08656	43.05478
161.000	43.11308	43.08132
161.200	43.13959	43.10784
161.400	43.16608	43.13434
161.600	43.19256	43.16083
161.800	43.21902	43.18730
162.000	43.24546	43.21375
162.200	43.27189	43.24019
162.400	43.29830	43.26662
162.600	43.32470	43.29302
162.800	43.35108	43.31941
163.000	43.37744	43.34579
163.200	43.40379	43.37214
163.400	43.43012	43.39849
163.600	43.45643	43.42481
163.800	43.48273	43.45112
164.000	43.50901	43.47742
164.200	43.53528	43.50369
164.400	43.56153	43.52996
164.600	43.58777	43.55620
164.800	43.61399	43.58243
165.000	43.64019	43.60865
165.200	43.66638	43.63485
165.400	43.69255	43.66103
165.600	43.71871	43.68720
165.800	43.74485	43.71335
166.000	43.77097	43.73949
166.200	43.79708	43.76561
166.400	43.82318	43.79171
166.600	43.84926	43.81780
166.800	43.87532	43.84388
167.000	43.90137	43.86994
167.200	43.92740	43.89598
167.400	43.95342	43.92201
167.600	43.97942	43.94802
167.800	44.00541	43.97402
168.000	44.03138	44.00000
168.200	44.05733	44.02597
168.400	44.08327	44.05192
168.600	44.10920	44.07785
168.800	44.13511	44.10377
169.000	44.16100	44.12968
169.200	44.18688	44.15557
169.400	44.21275	44.18144
169.600	44.23859	44.20730
169.800	44.26443	44.23315
170.000	44.29025	44.25898
170.200	44.31605	44.28479
170.400	44.34184	44.31059
170.600	44.36761	44.33638
170.800	44.39337	44.36215
171.000	44.41912	44.38790
171.200	44.44484	44.41364
171.400	44.47056	44.43936
171.600	44.49626	44.46507
171.800	44.52194	44.49077
172.000	44.54761	44.51645
172.200	44.57327	44.54211
172.400	44.59891	44.56777
172.600	44.62453	44.59340
172.800	44.65014	44.61902
173.000	44.67574	44.64463
173.200	44.70132	44.67022
173.400	44.72689	44.69580
173.600	44.75244	44.72136
173.800	44.77798	44.74691
174.000	44.80350	44.77244
174.200	44.82901	44.79796
174.400	44.85450	44.82346
174.600	44.87998	44.84895
174.800	44.90544	44.87443
175.000	44.93089	44.89989
175.200	44.95633	44.92533
175.400	44.98175	44.95077
175.600	45.00716	44.97618
175.800	45.03255	45.00159
176.000	45.05793	45.02698
176.200	45.08329	45.05235
176.400	45.10864	45.07771
176.600	45.13398	45.10306
176.800	45.15930	45.12839
177.000	45.18461	45.15371
177.200	45.20990	45.17901
177.400	45.23518	45.20430
177.600	45.26045	45.22957
177.800	45.28570	45.25483
178.000	45.31093	45.28008
178.200	45.33615	45.30531
178.400	45.36136	45.33053
178.600	45.38656	45.35574
178.800	45.41174	45.38093
179.000	45.43691	45.40610
179.200	45.46206	45.43127
179.400	45.48720	45.45642
179.600	45.51232	45.48155
179.800	45.53743	45.50667
180.000	45.56253	45.53178
180.200	45.58761	45.55687
180.400	45.61268	45.58195
180.600	45.63774	45.60702
180.800	45.66278	45.63207
181.000	45.68781	45.65711
181.200	45.71282	45.68213
181.400	45.73782	45.70714
181.600	45.76281	45.73214
181.800	45.78778	45.75712
182.000	45.81274	45.78209
182.200	45.83769	45.80705
182.400	45.86262	45.83199
182.600	45.88754	45.85692
182.800	45.91245	45.88184
183.000	45.93734	45.90674
183.200	45.96222	45.93163
183.400	45.98708	45.95650
183.600	46.01193	45.98136
183.800	46.03677	46.00621
184.000	46.06160	46.03105
184.200	46.08641	46.05587
184.400	46.11121	46.08067
184.600	46.13599	46.10547
184.800	46.16076	46.13025
185.000	46.18552	46.15502
185.200	46.21027	46.17977
185.400	46.23500	46.20451
185.600	46.25972	46.22924
185.800	46.28442	46.25396
186.000	46.30911	46.27866
186.200	46.33379	46.30335
186.400	46.35846	46.32802
186.600	46.38311	46.35269
186.800	46.40775	46.37733
187.000	46.43238	46.40197
187.200	46.45699	46.42659
187.400	46.48159	46.45120
187.600	46.50618	46.47580
187.800	46.53075	46.50038
188.000	46.55531	46.52495
188.200	46.57986	46.54951
188.400	46.60440	46.57406
188.600	46.62892	46.59859
188.800	46.65343	46.62311
189.000	46.67793	46.64762
189.200	46.70241	46.67211
189.400	46.72688	46.69659
189.600	46.75134	46.72106
189.800	46.77579	46.74551
190.000	46.80022	46.76995
190.200	46.82464	46.79438
190.400	46.84905	46.81880
190.600	46.87344	46.84320
190.800	46.89782	46.86759
191.000	46.92219	46.89197
191.200	46.94655	46.91634
191.400	46.97089	46.94069
191.600	46.99522	46.96503
191.800	47.01954	46.98936
192.000	47.04385	47.01368
192.200	47.06814	47.03798
192.400	47.09242	47.06227
192.600	47.11669	47.08655
192.800	47.14095	47.11081
193.000	47.16519	47.13506
193.200	47.18942	47.15930
193.400	47.21364	47.18353
193.600	47.23784	47.20775
193.800	47.26204	47.23195
194.000	47.28622	47.25614
194.200	47.31039	47.28032
194.400	47.33454	47.30448
194.600	47.35869	47.32864
194.800	47.38282	47.35278
195.000	47.40694	47.37691
195.200	47.43105	47.40102
195.400	47.45514	47.42513
195.600	47.47923	47.44922
195.800	47.50330	47.47330
196.000	47.52736	47.49737
196.200	47.55140	47.52142
196.400	47.57544	47.54547
196.600	47.59946	47.56950
196.800	47.62347	47.59352
197.000	47.64747	47.61752
197.200	47.67145	47.64152
197.400	47.69542	47.66550
197.600	47.71939	47.68947
197.800	47.74334	47.71343
198.000	47.76727	47.73738
198.200	47.79120	47.76131
198.400	47.81511	47.78523
198.600	47.83901	47.80914
198.800	47.86290	47.83304
199.000	47.88678	47.85693
199.200	47.91065	47.88080
199.400	47.93450	47.90467
199.600	47.95834	47.92852
199.800	47.98217	47.95236
200.000	48.00599	47.97618
