#Datos para dt = 0.2. Método RK4
t			v			Solución Exacta
0.000	4.00000	4.00000
0.200	4.27618	4.27618
0.400	4.53557	4.53557
0.600	4.78091	4.78091
0.800	5.01427	5.01427
1.000	5.23723	5.23723
1.200	5.45108	5.45108
1.400	5.65685	5.65685
1.600	5.85540	5.85540
1.800	6.04743	6.04743
2.000	6.23355	6.23355
2.200	6.41427	6.41427
2.400	6.59004	6.59004
2.600	6.76123	6.76123
2.800	6.92820	6.92820
3.000	7.09124	7.09124
3.200	7.25062	7.25062
3.400	7.40656	7.40656
3.600	7.55929	7.55929
3.800	7.70899	7.70899
4.000	7.85584	7.85584
4.200	8.00000	8.00000
4.400	8.14160	8.14160
4.600	8.28079	8.28079
4.800	8.41767	8.41767
5.000	8.55236	8.55236
5.200	8.68496	8.68496
5.400	8.81557	8.81557
5.600	8.94427	8.94427
5.800	9.07115	9.07115
6.000	9.19627	9.19627
6.200	9.31972	9.31972
6.400	9.44155	9.44155
6.600	9.56183	9.56183
6.800	9.68061	9.68061
7.000	9.79796	9.79796
7.200	9.91392	9.91392
7.400	10.02853	10.02853
7.600	10.14185	10.14185
7.800	10.25392	10.25392
8.000	10.36478	10.36478
8.200	10.47446	10.47446
8.400	10.58301	10.58301
8.600	10.69045	10.69045
8.800	10.79683	10.79682
9.000	10.90216	10.90216
9.200	11.00649	11.00649
9.400	11.10984	11.10984
9.600	11.21224	11.21224
9.800	11.31371	11.31371
10.000	11.41428	11.41428
10.200	11.51397	11.51397
10.400	11.61280	11.61280
10.600	11.71080	11.71080
10.800	11.80799	11.80799
11.000	11.90438	11.90438
11.200	12.00000	12.00000
11.400	12.09486	12.09486
11.600	12.18899	12.18899
11.800	12.28239	12.28239
12.000	12.37509	12.37509
12.200	12.46710	12.46710
12.400	12.55843	12.55843
12.600	12.64911	12.64911
12.800	12.73914	12.73914
13.000	12.82854	12.82854
13.200	12.91732	12.91732
13.400	13.00549	13.00549
13.600	13.09307	13.09307
13.800	13.18007	13.18007
14.000	13.26650	13.26650
14.200	13.35237	13.35237
14.400	13.43769	13.43769
14.600	13.52247	13.52247
14.800	13.60672	13.60672
15.000	13.69046	13.69046
15.200	13.77368	13.77368
15.400	13.85641	13.85641
15.600	13.93864	13.93864
15.800	14.02039	14.02039
16.000	14.10167	14.10167
16.200	14.18248	14.18248
16.400	14.26284	14.26284
16.600	14.34274	14.34274
16.800	14.42221	14.42221
17.000	14.50123	14.50123
17.200	14.57983	14.57983
17.400	14.65801	14.65801
17.600	14.73577	14.73577
17.800	14.81312	14.81312
18.000	14.89007	14.89007
18.200	14.96663	14.96663
18.400	15.04280	15.04280
18.600	15.11858	15.11858
18.800	15.19398	15.19398
19.000	15.26902	15.26902
19.200	15.34368	15.34368
19.400	15.41799	15.41799
19.600	15.49193	15.49193
19.800	15.56553	15.56553
20.000	15.63878	15.63878
20.200	15.71169	15.71169
20.400	15.78426	15.78426
20.600	15.85650	15.85650
20.800	15.92841	15.92841
21.000	16.00000	16.00000
21.200	16.07127	16.07127
21.400	16.14223	16.14223
21.600	16.21287	16.21287
21.800	16.28321	16.28321
22.000	16.35324	16.35324
22.200	16.42298	16.42298
22.400	16.49242	16.49242
22.600	16.56157	16.56157
22.800	16.63044	16.63044
23.000	16.69902	16.69902
23.200	16.76732	16.76732
23.400	16.83534	16.83534
23.600	16.90309	16.90309
23.800	16.97056	16.97056
24.000	17.03777	17.03777
24.200	17.10472	17.10472
24.400	17.17140	17.17140
24.600	17.23783	17.23783
24.800	17.30400	17.30400
25.000	17.36992	17.36992
25.200	17.43560	17.43560
25.400	17.50102	17.50102
25.600	17.56620	17.56620
25.800	17.63114	17.63114
26.000	17.69584	17.69584
26.200	17.76031	17.76031
26.400	17.82454	17.82454
26.600	17.88854	17.88854
26.800	17.95232	17.95232
27.000	18.01587	18.01587
27.200	18.07919	18.07919
27.400	18.14229	18.14229
27.600	18.20518	18.20518
27.800	18.26785	18.26785
28.000	18.33030	18.33030
28.200	18.39255	18.39255
28.400	18.45458	18.45458
28.600	18.51640	18.51640
28.800	18.57802	18.57802
29.000	18.63944	18.63944
29.200	18.70065	18.70065
29.400	18.76166	18.76166
29.600	18.82248	18.82248
29.800	18.88310	18.88310
30.000	18.94353	18.94353
30.200	19.00376	19.00376
30.400	19.06380	19.06380
30.600	19.12366	19.12366
30.800	19.18333	19.18333
31.000	19.24281	19.24281
31.200	19.30211	19.30211
31.400	19.36123	19.36123
31.600	19.42017	19.42017
31.800	19.47893	19.47893
32.000	19.53751	19.53751
32.200	19.59592	19.59592
32.400	19.65415	19.65415
32.600	19.71222	19.71222
32.800	19.77011	19.77011
33.000	19.82783	19.82783
33.200	19.88539	19.88539
33.400	19.94278	19.94278
33.600	20.00000	20.00000
33.800	20.05706	20.05706
34.000	20.11396	20.11396
34.200	20.17070	20.17070
34.400	20.22728	20.22728
34.600	20.28370	20.28370
34.800	20.33997	20.33997
35.000	20.39608	20.39608
35.200	20.45203	20.45203
35.400	20.50784	20.50784
35.600	20.56349	20.56349
35.800	20.61899	20.61899
36.000	20.67435	20.67435
36.200	20.72955	20.72955
36.400	20.78461	20.78461
36.600	20.83952	20.83952
36.800	20.89429	20.89429
37.000	20.94892	20.94892
37.200	21.00340	21.00340
37.400	21.05774	21.05774
37.600	21.11195	21.11195
37.800	21.16601	21.16601
38.000	21.21994	21.21994
38.200	21.27373	21.27373
38.400	21.32738	21.32738
38.600	21.38090	21.38090
38.800	21.43429	21.43428
39.000	21.48754	21.48754
39.200	21.54066	21.54066
39.400	21.59365	21.59365
39.600	21.64651	21.64651
39.800	21.69924	21.69924
40.000	21.75185	21.75185
40.200	21.80432	21.80432
40.400	21.85668	21.85668
40.600	21.90890	21.90890
40.800	21.96100	21.96100
41.000	22.01298	22.01298
41.200	22.06484	22.06484
41.400	22.11657	22.11657
41.600	22.16819	22.16819
41.800	22.21968	22.21968
42.000	22.27106	22.27106
42.200	22.32231	22.32231
42.400	22.37345	22.37345
42.600	22.42448	22.42448
42.800	22.47538	22.47538
43.000	22.52618	22.52618
43.200	22.57685	22.57685
43.400	22.62742	22.62742
43.600	22.67787	22.67787
43.800	22.72821	22.72821
44.000	22.77844	22.77844
44.200	22.82855	22.82855
44.400	22.87856	22.87856
44.600	22.92846	22.92846
44.800	22.97825	22.97825
45.000	23.02793	23.02793
45.200	23.07751	23.07751
45.400	23.12698	23.12698
45.600	23.17634	23.17634
45.800	23.22560	23.22560
46.000	23.27476	23.27476
46.200	23.32381	23.32381
46.400	23.37276	23.37276
46.600	23.42160	23.42160
46.800	23.47035	23.47035
47.000	23.51899	23.51899
47.200	23.56753	23.56753
47.400	23.61598	23.61598
47.600	23.66432	23.66432
47.800	23.71256	23.71256
48.000	23.76071	23.76071
48.200	23.80876	23.80876
48.400	23.85672	23.85672
48.600	23.90457	23.90457
48.800	23.95233	23.95233
49.000	24.00000	24.00000
49.200	24.04757	24.04757
49.400	24.09505	24.09505
49.600	24.14243	24.14243
49.800	24.18973	24.18973
50.000	24.23693	24.23693
50.200	24.28403	24.28403
50.400	24.33105	24.33105
50.600	24.37798	24.37798
50.800	24.42481	24.42481
51.000	24.47156	24.47156
51.200	24.51821	24.51821
51.400	24.56478	24.56478
51.600	24.61126	24.61126
51.800	24.65766	24.65766
52.000	24.70396	24.70396
52.200	24.75018	24.75018
52.400	24.79631	24.79631
52.600	24.84236	24.84236
52.800	24.88832	24.88832
53.000	24.93420	24.93420
53.200	24.97999	24.97999
53.400	25.02570	25.02570
53.600	25.07133	25.07133
53.800	25.11687	25.11687
54.000	25.16233	25.16233
54.200	25.20771	25.20771
54.400	25.25301	25.25301
54.600	25.29822	25.29822
54.800	25.34336	25.34336
55.000	25.38841	25.38841
55.200	25.43339	25.43339
55.400	25.47828	25.47828
55.600	25.52310	25.52310
55.800	25.56784	25.56784
56.000	25.61250	25.61250
56.200	25.65708	25.65708
56.400	25.70158	25.70158
56.600	25.74601	25.74601
56.800	25.79036	25.79036
57.000	25.83464	25.83464
57.200	25.87884	25.87884
57.400	25.92296	25.92296
57.600	25.96701	25.96701
57.800	26.01099	26.01099
58.000	26.05489	26.05489
58.200	26.09871	26.09871
58.400	26.14247	26.14247
58.600	26.18615	26.18615
58.800	26.22975	26.22975
59.000	26.27329	26.27329
59.200	26.31675	26.31675
59.400	26.36014	26.36014
59.600	26.40346	26.40346
59.800	26.44671	26.44671
60.000	26.48989	26.48989
60.200	26.53300	26.53300
60.400	26.57604	26.57604
60.600	26.61901	26.61901
60.800	26.66190	26.66190
61.000	26.70473	26.70473
61.200	26.74750	26.74750
61.400	26.79019	26.79019
61.600	26.83282	26.83282
61.800	26.87537	26.87537
62.000	26.91786	26.91786
62.200	26.96029	26.96029
62.400	27.00265	27.00265
62.600	27.04494	27.04494
62.800	27.08716	27.08716
63.000	27.12932	27.12932
63.200	27.17141	27.17141
63.400	27.21344	27.21344
63.600	27.25541	27.25541
63.800	27.29730	27.29730
64.000	27.33914	27.33914
64.200	27.38091	27.38091
64.400	27.42262	27.42262
64.600	27.46426	27.46426
64.800	27.50584	27.50584
65.000	27.54736	27.54736
65.200	27.58882	27.58882
65.400	27.63021	27.63021
65.600	27.67154	27.67154
65.800	27.71281	27.71281
66.000	27.75402	27.75402
66.200	27.79517	27.79517
66.400	27.83626	27.83626
66.600	27.87728	27.87728
66.800	27.91825	27.91825
67.000	27.95915	27.95915
67.200	28.00000	28.00000
67.400	28.04079	28.04079
67.600	28.08151	28.08151
67.800	28.12218	28.12218
68.000	28.16279	28.16279
68.200	28.20334	28.20334
68.400	28.24384	28.24384
68.600	28.28427	28.28427
68.800	28.32465	28.32465
69.000	28.36497	28.36497
69.200	28.40523	28.40523
69.400	28.44544	28.44544
69.600	28.48559	28.48559
69.800	28.52568	28.52568
70.000	28.56571	28.56571
70.200	28.60569	28.60569
70.400	28.64562	28.64562
70.600	28.68549	28.68549
70.800	28.72530	28.72530
71.000	28.76506	28.76506
71.200	28.80476	28.80476
71.400	28.84441	28.84441
71.600	28.88400	28.88400
71.800	28.92354	28.92354
72.000	28.96303	28.96303
72.200	29.00246	29.00246
72.400	29.04184	29.04184
72.600	29.08117	29.08117
72.800	29.12044	29.12044
73.000	29.15966	29.15966
73.200	29.19883	29.19883
73.400	29.23794	29.23794
73.600	29.27700	29.27700
73.800	29.31601	29.31601
74.000	29.35497	29.35497
74.200	29.39388	29.39388
74.400	29.43273	29.43273
74.600	29.47154	29.47154
74.800	29.51029	29.51029
75.000	29.54899	29.54899
75.200	29.58764	29.58764
75.400	29.62624	29.62624
75.600	29.66479	29.66479
75.800	29.70329	29.70329
76.000	29.74175	29.74175
76.200	29.78015	29.78015
76.400	29.81850	29.81850
76.600	29.85680	29.85680
76.800	29.89505	29.89505
77.000	29.93326	29.93326
77.200	29.97142	29.97141
77.400	30.00952	30.00952
77.600	30.04758	30.04758
77.800	30.08559	30.08559
78.000	30.12356	30.12356
78.200	30.16147	30.16147
78.400	30.19934	30.19934
78.600	30.23716	30.23716
78.800	30.27493	30.27493
79.000	30.31266	30.31266
79.200	30.35034	30.35034
79.400	30.38797	30.38797
79.600	30.42555	30.42555
79.800	30.46309	30.46309
80.000	30.50059	30.50059
80.200	30.53803	30.53803
80.400	30.57543	30.57543
80.600	30.61279	30.61279
80.800	30.65010	30.65010
81.000	30.68736	30.68736
81.200	30.72458	30.72458
81.400	30.76176	30.76176
81.600	30.79889	30.79889
81.800	30.83597	30.83597
82.000	30.87301	30.87301
82.200	30.91001	30.91001
82.400	30.94696	30.94696
82.600	30.98387	30.98387
82.800	31.02073	31.02073
83.000	31.05755	31.05755
83.200	31.09433	31.09433
83.400	31.13106	31.13106
83.600	31.16775	31.16775
83.800	31.20440	31.20440
84.000	31.24100	31.24100
84.200	31.27756	31.27756
84.400	31.31408	31.31408
84.600	31.35055	31.35055
84.800	31.38699	31.38699
85.000	31.42338	31.42338
85.200	31.45972	31.45972
85.400	31.49603	31.49603
85.600	31.53230	31.53230
85.800	31.56852	31.56852
86.000	31.60470	31.60470
86.200	31.64084	31.64084
86.400	31.67694	31.67694
86.600	31.71300	31.71300
86.800	31.74902	31.74902
87.000	31.78499	31.78499
87.200	31.82093	31.82093
87.400	31.85682	31.85682
87.600	31.89268	31.89268
87.800	31.92849	31.92849
88.000	31.96427	31.96427
88.200	32.00000	32.00000
88.400	32.03569	32.03569
88.600	32.07135	32.07135
88.800	32.10696	32.10696
89.000	32.14254	32.14254
89.200	32.17808	32.17808
89.400	32.21357	32.21357
89.600	32.24903	32.24903
89.800	32.28445	32.28445
90.000	32.31983	32.31983
90.200	32.35517	32.35517
90.400	32.39047	32.39047
90.600	32.42574	32.42574
90.800	32.46097	32.46097
91.000	32.49615	32.49615
91.200	32.53130	32.53130
91.400	32.56642	32.56642
91.600	32.60149	32.60149
91.800	32.63653	32.63653
92.000	32.67153	32.67153
92.200	32.70649	32.70649
92.400	32.74141	32.74141
92.600	32.77630	32.77630
92.800	32.81115	32.81115
93.000	32.84596	32.84596
93.200	32.88074	32.88074
93.400	32.91548	32.91548
93.600	32.95018	32.95018
93.800	32.98485	32.98485
94.000	33.01947	33.01947
94.200	33.05407	33.05407
94.400	33.08863	33.08863
94.600	33.12315	33.12315
94.800	33.15763	33.15763
95.000	33.19208	33.19208
95.200	33.22650	33.22650
95.400	33.26087	33.26087
95.600	33.29522	33.29522
95.800	33.32952	33.32952
96.000	33.36380	33.36380
96.200	33.39803	33.39803
96.400	33.43223	33.43223
96.600	33.46640	33.46640
96.800	33.50053	33.50053
97.000	33.53463	33.53463
97.200	33.56869	33.56869
97.400	33.60272	33.60272
97.600	33.63671	33.63671
97.800	33.67067	33.67067
98.000	33.70460	33.70460
98.200	33.73849	33.73849
98.400	33.77235	33.77235
98.600	33.80617	33.80617
98.800	33.83996	33.83996
99.000	33.87372	33.87372
99.200	33.90744	33.90744
99.400	33.94113	33.94113
99.600	33.97478	33.97478
99.800	34.00840	34.00840
100.000	34.04199	34.04199
100.200	34.07555	34.07555
100.400	34.10907	34.10907
100.600	34.14256	34.14256
100.800	34.17602	34.17601
101.000	34.20944	34.20944
101.200	34.24283	34.24283
101.400	34.27619	34.27619
101.600	34.30952	34.30952
101.800	34.34281	34.34281
102.000	34.37607	34.37607
102.200	34.40930	34.40930
102.400	34.44250	34.44250
102.600	34.47566	34.47566
102.800	34.50880	34.50880
103.000	34.54190	34.54190
103.200	34.57497	34.57497
103.400	34.60801	34.60801
103.600	34.64102	34.64102
103.800	34.67399	34.67399
104.000	34.70694	34.70694
104.200	34.73985	34.73985
104.400	34.77273	34.77273
104.600	34.80558	34.80558
104.800	34.83840	34.83840
105.000	34.87119	34.87119
105.200	34.90395	34.90395
105.400	34.93668	34.93668
105.600	34.96937	34.96937
105.800	35.00204	35.00204
106.000	35.03468	35.03468
106.200	35.06728	35.06728
106.400	35.09986	35.09986
106.600	35.13240	35.13240
106.800	35.16492	35.16492
107.000	35.19740	35.19740
107.200	35.22986	35.22986
107.400	35.26228	35.26228
107.600	35.29468	35.29468
107.800	35.32704	35.32704
108.000	35.35938	35.35938
108.200	35.39169	35.39169
108.400	35.42396	35.42396
108.600	35.45621	35.45621
108.800	35.48843	35.48843
109.000	35.52062	35.52062
109.200	35.55278	35.55278
109.400	35.58491	35.58491
109.600	35.61701	35.61701
109.800	35.64908	35.64908
110.000	35.68113	35.68113
110.200	35.71314	35.71314
110.400	35.74513	35.74513
110.600	35.77709	35.77709
110.800	35.80902	35.80902
111.000	35.84092	35.84092
111.200	35.87279	35.87279
111.400	35.90464	35.90464
111.600	35.93645	35.93645
111.800	35.96824	35.96824
112.000	36.00000	36.00000
112.200	36.03173	36.03173
112.400	36.06344	36.06344
112.600	36.09511	36.09511
112.800	36.12676	36.12676
113.000	36.15838	36.15838
113.200	36.18997	36.18997
113.400	36.22154	36.22154
113.600	36.25308	36.25308
113.800	36.28459	36.28459
114.000	36.31607	36.31607
114.200	36.34753	36.34753
114.400	36.37896	36.37896
114.600	36.41036	36.41036
114.800	36.44173	36.44173
115.000	36.47308	36.47308
115.200	36.50440	36.50440
115.400	36.53570	36.53570
115.600	36.56696	36.56696
115.800	36.59820	36.59820
116.000	36.62942	36.62942
116.200	36.66061	36.66061
116.400	36.69177	36.69177
116.600	36.72290	36.72290
116.800	36.75401	36.75401
117.000	36.78509	36.78509
117.200	36.81615	36.81615
117.400	36.84717	36.84717
117.600	36.87818	36.87818
117.800	36.90915	36.90915
118.000	36.94011	36.94011
118.200	36.97103	36.97103
118.400	37.00193	37.00193
118.600	37.03280	37.03280
118.800	37.06365	37.06365
119.000	37.09447	37.09447
119.200	37.12527	37.12527
119.400	37.15604	37.15604
119.600	37.18679	37.18679
119.800	37.21751	37.21751
120.000	37.24820	37.24820
120.200	37.27887	37.27887
120.400	37.30952	37.30952
120.600	37.34014	37.34014
120.800	37.37073	37.37073
121.000	37.40130	37.40130
121.200	37.43184	37.43184
121.400	37.46236	37.46236
121.600	37.49286	37.49286
121.800	37.52333	37.52333
122.000	37.55377	37.55377
122.200	37.58419	37.58419
122.400	37.61459	37.61459
122.600	37.64496	37.64496
122.800	37.67530	37.67530
123.000	37.70563	37.70563
123.200	37.73592	37.73592
123.400	37.76620	37.76620
123.600	37.79645	37.79645
123.800	37.82667	37.82667
124.000	37.85687	37.85687
124.200	37.88705	37.88705
124.400	37.91720	37.91720
124.600	37.94733	37.94733
124.800	37.97744	37.97744
125.000	38.00752	38.00752
125.200	38.03758	38.03758
125.400	38.06761	38.06761
125.600	38.09762	38.09762
125.800	38.12761	38.12761
126.000	38.15757	38.15757
126.200	38.18751	38.18751
126.400	38.21742	38.21742
126.600	38.24732	38.24732
126.800	38.27718	38.27718
127.000	38.30703	38.30703
127.200	38.33685	38.33685
127.400	38.36665	38.36665
127.600	38.39643	38.39643
127.800	38.42618	38.42618
128.000	38.45591	38.45591
128.200	38.48562	38.48562
128.400	38.51530	38.51530
128.600	38.54496	38.54496
128.800	38.57460	38.57460
129.000	38.60422	38.60422
129.200	38.63381	38.63381
129.400	38.66338	38.66338
129.600	38.69293	38.69293
129.800	38.72246	38.72246
130.000	38.75196	38.75196
130.200	38.78144	38.78144
130.400	38.81090	38.81090
130.600	38.84033	38.84033
130.800	38.86975	38.86975
131.000	38.89914	38.89914
131.200	38.92851	38.92851
131.400	38.95785	38.95785
131.600	38.98718	38.98718
131.800	39.01648	39.01648
132.000	39.04576	39.04576
132.200	39.07502	39.07502
132.400	39.10426	39.10426
132.600	39.13347	39.13347
132.800	39.16266	39.16266
133.000	39.19184	39.19184
133.200	39.22099	39.22099
133.400	39.25011	39.25011
133.600	39.27922	39.27922
133.800	39.30831	39.30831
134.000	39.33737	39.33737
134.200	39.36641	39.36641
134.400	39.39543	39.39543
134.600	39.42443	39.42443
134.800	39.45341	39.45341
135.000	39.48236	39.48236
135.200	39.51130	39.51130
135.400	39.54021	39.54021
135.600	39.56911	39.56911
135.800	39.59798	39.59798
136.000	39.62683	39.62683
136.200	39.65566	39.65566
136.400	39.68447	39.68447
136.600	39.71326	39.71326
136.800	39.74203	39.74203
137.000	39.77077	39.77077
137.200	39.79950	39.79950
137.400	39.82820	39.82820
137.600	39.85689	39.85689
137.800	39.88555	39.88555
138.000	39.91419	39.91419
138.200	39.94282	39.94282
138.400	39.97142	39.97142
138.600	40.00000	40.00000
138.800	40.02856	40.02856
139.000	40.05710	40.05710
139.200	40.08562	40.08562
139.400	40.11412	40.11412
139.600	40.14260	40.14260
139.800	40.17106	40.17106
140.000	40.19950	40.19950
140.200	40.22792	40.22792
140.400	40.25632	40.25632
140.600	40.28470	40.28470
140.800	40.31306	40.31306
141.000	40.34140	40.34140
141.200	40.36972	40.36972
141.400	40.39802	40.39802
141.600	40.42630	40.42630
141.800	40.45456	40.45456
142.000	40.48280	40.48280
142.200	40.51102	40.51102
142.400	40.53922	40.53922
142.600	40.56740	40.56740
142.800	40.59557	40.59557
143.000	40.62371	40.62371
143.200	40.65183	40.65183
143.400	40.67994	40.67994
143.600	40.70802	40.70802
143.800	40.73608	40.73608
144.000	40.76413	40.76413
144.200	40.79216	40.79216
144.400	40.82016	40.82016
144.600	40.84815	40.84815
144.800	40.87612	40.87612
145.000	40.90407	40.90407
145.200	40.93200	40.93200
145.400	40.95991	40.95991
145.600	40.98780	40.98780
145.800	41.01568	41.01568
146.000	41.04353	41.04353
146.200	41.07137	41.07137
146.400	41.09918	41.09918
146.600	41.12698	41.12698
146.800	41.15476	41.15476
147.000	41.18252	41.18252
147.200	41.21026	41.21026
147.400	41.23799	41.23799
147.600	41.26569	41.26569
147.800	41.29338	41.29338
148.000	41.32104	41.32104
148.200	41.34869	41.34869
148.400	41.37632	41.37632
148.600	41.40393	41.40393
148.800	41.43153	41.43153
149.000	41.45910	41.45910
149.200	41.48666	41.48666
149.400	41.51420	41.51420
149.600	41.54172	41.54172
149.800	41.56922	41.56922
150.000	41.59670	41.59670
150.200	41.62417	41.62417
150.400	41.65162	41.65162
150.600	41.67905	41.67905
150.800	41.70646	41.70646
151.000	41.73385	41.73385
151.200	41.76123	41.76123
151.400	41.78858	41.78858
151.600	41.81592	41.81592
151.800	41.84324	41.84324
152.000	41.87055	41.87055
152.200	41.89783	41.89783
152.400	41.92510	41.92510
152.600	41.95235	41.95235
152.800	41.97959	41.97959
153.000	42.00680	42.00680
153.200	42.03400	42.03400
153.400	42.06118	42.06118
153.600	42.08834	42.08834
153.800	42.11549	42.11549
154.000	42.14262	42.14262
154.200	42.16973	42.16973
154.400	42.19682	42.19682
154.600	42.22389	42.22389
154.800	42.25095	42.25095
155.000	42.27799	42.27799
155.200	42.30501	42.30501
155.400	42.33202	42.33202
155.600	42.35901	42.35901
155.800	42.38598	42.38598
156.000	42.41294	42.41294
156.200	42.43987	42.43987
156.400	42.46679	42.46679
156.600	42.49370	42.49370
156.800	42.52058	42.52058
157.000	42.54745	42.54745
157.200	42.57430	42.57430
157.400	42.60114	42.60114
157.600	42.62796	42.62796
157.800	42.65476	42.65476
158.000	42.68155	42.68155
158.200	42.70831	42.70831
158.400	42.73506	42.73506
158.600	42.76180	42.76180
158.800	42.78852	42.78852
159.000	42.81522	42.81522
159.200	42.84190	42.84190
159.400	42.86857	42.86857
159.600	42.89522	42.89522
159.800	42.92186	42.92186
160.000	42.94847	42.94847
160.200	42.97508	42.97508
160.400	43.00166	43.00166
160.600	43.02823	43.02823
160.800	43.05478	43.05478
161.000	43.08132	43.08132
161.200	43.10784	43.10784
161.400	43.13434	43.13434
161.600	43.16083	43.16083
161.800	43.18730	43.18730
162.000	43.21375	43.21375
162.200	43.24019	43.24019
162.400	43.26662	43.26662
162.600	43.29302	43.29302
162.800	43.31941	43.31941
163.000	43.34579	43.34579
163.200	43.37214	43.37214
163.400	43.39849	43.39849
163.600	43.42481	43.42481
163.800	43.45112	43.45112
164.000	43.47742	43.47742
164.200	43.50369	43.50369
164.400	43.52996	43.52996
164.600	43.55620	43.55620
164.800	43.58243	43.58243
165.000	43.60865	43.60865
165.200	43.63485	43.63485
165.400	43.66103	43.66103
165.600	43.68720	43.68720
165.800	43.71335	43.71335
166.000	43.73949	43.73949
166.200	43.76561	43.76561
166.400	43.79171	43.79171
166.600	43.81780	43.81780
166.800	43.84388	43.84388
167.000	43.86994	43.86994
167.200	43.89598	43.89598
167.400	43.92201	43.92201
167.600	43.94802	43.94802
167.800	43.97402	43.97402
168.000	44.00000	44.00000
168.200	44.02597	44.02597
168.400	44.05192	44.05192
168.600	44.07785	44.07785
168.800	44.10377	44.10377
169.000	44.12968	44.12968
169.200	44.15557	44.15557
169.400	44.18144	44.18144
169.600	44.20730	44.20730
169.800	44.23315	44.23315
170.000	44.25898	44.25898
170.200	44.28479	44.28479
170.400	44.31059	44.31059
170.600	44.33638	44.33638
170.800	44.36215	44.36215
171.000	44.38790	44.38790
171.200	44.41364	44.41364
171.400	44.43936	44.43936
171.600	44.46507	44.46507
171.800	44.49077	44.49077
172.000	44.51645	44.51645
172.200	44.54211	44.54211
172.400	44.56777	44.56777
172.600	44.59340	44.59340
172.800	44.61902	44.61902
173.000	44.64463	44.64463
173.200	44.67022	44.67022
173.400	44.69580	44.69580
173.600	44.72136	44.72136
173.800	44.74691	44.74691
174.000	44.77244	44.77244
174.200	44.79796	44.79796
174.400	44.82346	44.82346
174.600	44.84895	44.84895
174.800	44.87443	44.87443
175.000	44.89989	44.89989
175.200	44.92533	44.92533
175.400	44.95077	44.95077
175.600	44.97618	44.97618
175.800	45.00159	45.00159
176.000	45.02698	45.02698
176.200	45.05235	45.05235
176.400	45.07771	45.07771
176.600	45.10306	45.10306
176.800	45.12839	45.12839
177.000	45.15371	45.15371
177.200	45.17901	45.17901
177.400	45.20430	45.20430
177.600	45.22957	45.22957
177.800	45.25483	45.25483
178.000	45.28008	45.28008
178.200	45.30531	45.30531
178.400	45.33053	45.33053
178.600	45.35574	45.35574
178.800	45.38093	45.38093
179.000	45.40610	45.40610
179.200	45.43127	45.43127
179.400	45.45642	45.45642
179.600	45.48155	45.48155
179.800	45.50667	45.50667
180.000	45.53178	45.53178
180.200	45.55687	45.55687
180.400	45.58195	45.58195
180.600	45.60702	45.60702
180.800	45.63207	45.63207
181.000	45.65711	45.65711
181.200	45.68213	45.68213
181.400	45.70714	45.70714
181.600	45.73214	45.73214
181.800	45.75712	45.75712
182.000	45.78209	45.78209
182.200	45.80705	45.80705
182.400	45.83199	45.83199
182.600	45.85692	45.85692
182.800	45.88184	45.88184
183.000	45.90674	45.90674
183.200	45.93163	45.93163
183.400	45.95650	45.95650
183.600	45.98136	45.98136
183.800	46.00621	46.00621
184.000	46.03105	46.03105
184.200	46.05587	46.05587
184.400	46.08067	46.08067
184.600	46.10547	46.10547
184.800	46.13025	46.13025
185.000	46.15502	46.15502
185.200	46.17977	46.17977
185.400	46.20451	46.20451
185.600	46.22924	46.22924
185.800	46.25396	46.25396
186.000	46.27866	46.27866
186.200	46.30335	46.30335
186.400	46.32802	46.32802
186.600	46.35269	46.35269
186.800	46.37733	46.37733
187.000	46.40197	46.40197
187.200	46.42659	46.42659
187.400	46.45120	46.45120
187.600	46.47580	46.47580
187.800	46.50038	46.50038
188.000	46.52495	46.52495
188.200	46.54951	46.54951
188.400	46.57406	46.57406
188.600	46.59859	46.59859
188.800	46.62311	46.62311
189.000	46.64762	46.64762
189.200	46.67211	46.67211
189.400	46.69659	46.69659
189.600	46.72106	46.72106
189.800	46.74551	46.74551
190.000	46.76995	46.76995
190.200	46.79438	46.79438
190.400	46.81880	46.81880
190.600	46.84320	46.84320
190.800	46.86759	46.86759
191.000	46.89197	46.89197
191.200	46.91634	46.91634
191.400	46.94069	46.94069
191.600	46.96503	46.96503
191.800	46.98936	46.98936
192.000	47.01368	47.01368
192.200	47.03798	47.03798
192.400	47.06227	47.06227
192.600	47.08655	47.08655
192.800	47.11081	47.11081
193.000	47.13506	47.13506
193.200	47.15930	47.15930
193.400	47.18353	47.18353
193.600	47.20775	47.20775
193.800	47.23195	47.23195
194.000	47.25614	47.25614
194.200	47.28032	47.28032
194.400	47.30448	47.30448
194.600	47.32864	47.32864
194.800	47.35278	47.35278
195.000	47.37691	47.37691
195.200	47.40102	47.40102
195.400	47.42513	47.42513
195.600	47.44922	47.44922
195.800	47.47330	47.47330
196.000	47.49737	47.49737
196.200	47.52142	47.52142
196.400	47.54547	47.54547
196.600	47.56950	47.56950
196.800	47.59352	47.59352
197.000	47.61752	47.61752
197.200	47.64152	47.64152
197.400	47.66550	47.66550
197.600	47.68947	47.68947
197.800	47.71343	47.71343
198.000	47.73738	47.73738
198.200	47.76131	47.76131
198.400	47.78523	47.78523
198.600	47.80914	47.80914
198.800	47.83304	47.83304
199.000	47.85693	47.85693
199.200	47.88080	47.88080
199.400	47.90467	47.90467
199.600	47.92852	47.92852
199.800	47.95236	47.95236
200.000	47.97618	47.97618
