#Datos para dt = 0.05. Método RK4
t			v
0.000	4.00000
0.050	4.06964
0.100	4.13804
0.150	4.20528
0.200	4.27139
0.250	4.33644
0.300	4.40046
0.350	4.46351
0.400	4.52562
0.450	4.58683
0.500	4.64718
0.550	4.70669
0.600	4.76540
0.650	4.82333
0.700	4.88052
0.750	4.93698
0.800	4.99275
0.850	5.04784
0.900	5.10228
0.950	5.15609
1.000	5.20928
1.050	5.26187
1.100	5.31388
1.150	5.36533
1.200	5.41623
1.250	5.46660
1.300	5.51646
1.350	5.56580
1.400	5.61465
1.450	5.66303
1.500	5.71093
1.550	5.75838
1.600	5.80538
1.650	5.85195
1.700	5.89809
1.750	5.94381
1.800	5.98913
1.850	6.03405
1.900	6.07858
1.950	6.12272
2.000	6.16650
2.050	6.20990
2.100	6.25295
2.150	6.29565
2.200	6.33800
2.250	6.38001
2.300	6.42169
2.350	6.46304
2.400	6.50407
2.450	6.54479
2.500	6.58520
2.550	6.62531
2.600	6.66512
2.650	6.70463
2.700	6.74386
2.750	6.78280
2.800	6.82146
2.850	6.85985
2.900	6.89797
2.950	6.93582
3.000	6.97341
3.050	7.01075
3.100	7.04783
3.150	7.08466
3.200	7.12124
3.250	7.15758
3.300	7.19368
3.350	7.22954
3.400	7.26518
3.450	7.30058
3.500	7.33575
3.550	7.37071
3.600	7.40544
3.650	7.43995
3.700	7.47425
3.750	7.50834
3.800	7.54222
3.850	7.57589
3.900	7.60936
3.950	7.64263
4.000	7.67570
4.050	7.70857
4.100	7.74125
4.150	7.77374
4.200	7.80603
4.250	7.83814
4.300	7.87007
4.350	7.90181
4.400	7.93337
4.450	7.96475
4.500	7.99596
4.550	8.02699
4.600	8.05784
4.650	8.08853
4.700	8.11904
4.750	8.14939
4.800	8.17958
4.850	8.20959
4.900	8.23945
4.950	8.26915
5.000	8.29868
5.050	8.32806
5.100	8.35728
5.150	8.38635
5.200	8.41527
5.250	8.44403
5.300	8.47265
5.350	8.50111
5.400	8.52943
5.450	8.55761
5.500	8.58563
5.550	8.61352
5.600	8.64126
5.650	8.66887
5.700	8.69633
5.750	8.72366
5.800	8.75085
5.850	8.77790
5.900	8.80482
5.950	8.83161
6.000	8.85827
6.050	8.88479
6.100	8.91118
6.150	8.93745
6.200	8.96359
6.250	8.98960
6.300	9.01549
6.350	9.04125
6.400	9.06689
6.450	9.09240
6.500	9.11780
6.550	9.14307
6.600	9.16823
6.650	9.19327
6.700	9.21818
6.750	9.24299
6.800	9.26767
6.850	9.29225
6.900	9.31670
6.950	9.34105
7.000	9.36528
7.050	9.38940
7.100	9.41341
7.150	9.43731
7.200	9.46110
7.250	9.48479
7.300	9.50836
7.350	9.53183
7.400	9.55519
7.450	9.57845
7.500	9.60161
7.550	9.62466
7.600	9.64760
7.650	9.67045
7.700	9.69319
7.750	9.71583
7.800	9.73838
7.850	9.76082
7.900	9.78317
7.950	9.80541
8.000	9.82756
8.050	9.84961
8.100	9.87157
8.150	9.89343
8.200	9.91520
8.250	9.93687
8.300	9.95845
8.350	9.97993
8.400	10.00133
8.450	10.02263
8.500	10.04384
8.550	10.06496
8.600	10.08599
8.650	10.10693
8.700	10.12778
8.750	10.14854
8.800	10.16921
8.850	10.18980
8.900	10.21030
8.950	10.23072
9.000	10.25105
9.050	10.27129
9.100	10.29145
9.150	10.31152
9.200	10.33151
9.250	10.35142
9.300	10.37125
9.350	10.39099
9.400	10.41065
9.450	10.43023
9.500	10.44973
9.550	10.46915
9.600	10.48849
9.650	10.50775
9.700	10.52693
9.750	10.54603
9.800	10.56506
9.850	10.58400
9.900	10.60287
9.950	10.62167
10.000	10.64038
10.050	10.65902
10.100	10.67759
10.150	10.69608
10.200	10.71450
10.250	10.73284
10.300	10.75111
10.350	10.76930
10.400	10.78742
10.450	10.80547
10.500	10.82345
10.550	10.84136
10.600	10.85919
10.650	10.87695
10.700	10.89464
10.750	10.91227
10.800	10.92982
10.850	10.94730
10.900	10.96471
10.950	10.98206
11.000	10.99934
11.050	11.01654
11.100	11.03368
11.150	11.05076
11.200	11.06776
11.250	11.08470
11.300	11.10157
11.350	11.11838
11.400	11.13512
11.450	11.15180
11.500	11.16841
11.550	11.18495
11.600	11.20143
11.650	11.21785
11.700	11.23421
11.750	11.25050
11.800	11.26672
11.850	11.28289
11.900	11.29899
11.950	11.31503
12.000	11.33101
12.050	11.34692
12.100	11.36278
12.150	11.37857
12.200	11.39431
12.250	11.40998
12.300	11.42559
12.350	11.44114
12.400	11.45664
12.450	11.47207
12.500	11.48745
12.550	11.50276
12.600	11.51802
12.650	11.53322
12.700	11.54836
12.750	11.56345
12.800	11.57848
12.850	11.59345
12.900	11.60836
12.950	11.62322
13.000	11.63802
13.050	11.65276
13.100	11.66745
13.150	11.68209
13.200	11.69666
13.250	11.71119
13.300	11.72566
13.350	11.74007
13.400	11.75443
13.450	11.76874
13.500	11.78299
13.550	11.79719
13.600	11.81133
13.650	11.82543
13.700	11.83947
13.750	11.85345
13.800	11.86739
13.850	11.88127
13.900	11.89510
13.950	11.90888
14.000	11.92261
14.050	11.93629
14.100	11.94991
14.150	11.96349
14.200	11.97702
14.250	11.99049
14.300	12.00392
14.350	12.01729
14.400	12.03062
14.450	12.04389
14.500	12.05712
14.550	12.07030
14.600	12.08343
14.650	12.09651
14.700	12.10954
14.750	12.12252
14.800	12.13546
14.850	12.14835
14.900	12.16119
14.950	12.17399
15.000	12.18673
15.050	12.19943
15.100	12.21209
15.150	12.22469
15.200	12.23725
15.250	12.24977
15.300	12.26224
15.350	12.27466
15.400	12.28704
15.450	12.29937
15.500	12.31166
15.550	12.32390
15.600	12.33610
15.650	12.34825
15.700	12.36036
15.750	12.37243
15.800	12.38445
15.850	12.39642
15.900	12.40836
15.950	12.42025
16.000	12.43209
16.050	12.44390
16.100	12.45566
16.150	12.46737
16.200	12.47905
16.250	12.49068
16.300	12.50227
16.350	12.51382
16.400	12.52533
16.450	12.53679
16.500	12.54822
16.550	12.55960
16.600	12.57094
16.650	12.58224
16.700	12.59350
16.750	12.60472
16.800	12.61590
16.850	12.62703
16.900	12.63813
16.950	12.64919
17.000	12.66021
17.050	12.67118
17.100	12.68212
17.150	12.69302
17.200	12.70388
17.250	12.71470
17.300	12.72548
17.350	12.73623
17.400	12.74693
17.450	12.75760
17.500	12.76822
17.550	12.77881
17.600	12.78936
17.650	12.79988
17.700	12.81035
17.750	12.82079
17.800	12.83119
17.850	12.84156
17.900	12.85188
17.950	12.86217
18.000	12.87243
18.050	12.88264
18.100	12.89282
18.150	12.90296
18.200	12.91307
18.250	12.92314
18.300	12.93318
18.350	12.94318
18.400	12.95314
18.450	12.96307
18.500	12.97296
18.550	12.98282
18.600	12.99264
18.650	13.00243
18.700	13.01218
18.750	13.02190
18.800	13.03158
18.850	13.04123
18.900	13.05084
18.950	13.06042
19.000	13.06997
19.050	13.07948
19.100	13.08896
19.150	13.09840
19.200	13.10781
19.250	13.11719
19.300	13.12654
19.350	13.13585
19.400	13.14513
19.450	13.15437
19.500	13.16358
19.550	13.17276
19.600	13.18191
19.650	13.19103
19.700	13.20011
19.750	13.20916
19.800	13.21818
19.850	13.22716
19.900	13.23612
19.950	13.24504
20.000	13.25393
20.050	13.26279
20.100	13.27162
20.150	13.28042
20.200	13.28919
20.250	13.29792
20.300	13.30663
20.350	13.31530
20.400	13.32395
20.450	13.33256
20.500	13.34114
20.550	13.34970
20.600	13.35822
20.650	13.36671
20.700	13.37517
20.750	13.38361
20.800	13.39201
20.850	13.40038
20.900	13.40873
20.950	13.41704
21.000	13.42533
21.050	13.43358
21.100	13.44181
21.150	13.45001
21.200	13.45818
21.250	13.46632
21.300	13.47443
21.350	13.48251
21.400	13.49057
21.450	13.49859
21.500	13.50659
21.550	13.51456
21.600	13.52251
21.650	13.53042
21.700	13.53831
21.750	13.54617
21.800	13.55400
21.850	13.56180
21.900	13.56958
21.950	13.57733
22.000	13.58505
22.050	13.59275
22.100	13.60042
22.150	13.60806
22.200	13.61567
22.250	13.62326
22.300	13.63082
22.350	13.63836
22.400	13.64587
22.450	13.65335
22.500	13.66081
22.550	13.66824
22.600	13.67564
22.650	13.68302
22.700	13.69037
22.750	13.69770
22.800	13.70500
22.850	13.71228
22.900	13.71953
22.950	13.72675
23.000	13.73395
23.050	13.74113
23.100	13.74828
23.150	13.75540
23.200	13.76250
23.250	13.76958
23.300	13.77663
23.350	13.78366
23.400	13.79066
23.450	13.79763
23.500	13.80459
23.550	13.81151
23.600	13.81842
23.650	13.82530
23.700	13.83216
23.750	13.83899
23.800	13.84580
23.850	13.85258
23.900	13.85934
23.950	13.86608
24.000	13.87279
24.050	13.87948
24.100	13.88615
24.150	13.89280
24.200	13.89942
24.250	13.90602
24.300	13.91259
24.350	13.91914
24.400	13.92567
24.450	13.93218
24.500	13.93866
24.550	13.94513
24.600	13.95157
24.650	13.95798
24.700	13.96438
24.750	13.97075
24.800	13.97710
24.850	13.98343
24.900	13.98973
24.950	13.99602
25.000	14.00228
25.050	14.00852
25.100	14.01474
25.150	14.02094
25.200	14.02711
25.250	14.03327
25.300	14.03940
25.350	14.04551
25.400	14.05160
25.450	14.05767
25.500	14.06372
25.550	14.06975
25.600	14.07575
25.650	14.08174
25.700	14.08770
25.750	14.09365
25.800	14.09957
25.850	14.10548
25.900	14.11136
25.950	14.11722
26.000	14.12306
26.050	14.12888
26.100	14.13468
26.150	14.14047
26.200	14.14623
26.250	14.15197
26.300	14.15769
26.350	14.16339
26.400	14.16907
26.450	14.17474
26.500	14.18038
26.550	14.18600
26.600	14.19161
26.650	14.19719
26.700	14.20275
26.750	14.20830
26.800	14.21383
26.850	14.21933
26.900	14.22482
26.950	14.23029
27.000	14.23574
27.050	14.24117
27.100	14.24659
27.150	14.25198
27.200	14.25736
27.250	14.26271
27.300	14.26805
27.350	14.27337
27.400	14.27867
27.450	14.28396
27.500	14.28922
27.550	14.29447
27.600	14.29970
27.650	14.30491
27.700	14.31010
27.750	14.31527
27.800	14.32043
27.850	14.32557
27.900	14.33069
27.950	14.33579
28.000	14.34088
28.050	14.34595
28.100	14.35100
28.150	14.35603
28.200	14.36105
28.250	14.36604
28.300	14.37103
28.350	14.37599
28.400	14.38094
28.450	14.38587
28.500	14.39078
28.550	14.39568
28.600	14.40055
28.650	14.40542
28.700	14.41026
28.750	14.41509
28.800	14.41990
28.850	14.42470
28.900	14.42948
28.950	14.43424
29.000	14.43899
29.050	14.44371
29.100	14.44843
29.150	14.45312
29.200	14.45781
29.250	14.46247
29.300	14.46712
29.350	14.47175
29.400	14.47637
29.450	14.48097
29.500	14.48555
29.550	14.49012
29.600	14.49468
29.650	14.49921
29.700	14.50374
29.750	14.50824
29.800	14.51273
29.850	14.51721
29.900	14.52167
29.950	14.52611
30.000	14.53054
30.050	14.53496
30.100	14.53935
30.150	14.54374
30.200	14.54811
30.250	14.55246
30.300	14.55680
30.350	14.56112
30.400	14.56543
30.450	14.56972
30.500	14.57400
30.550	14.57827
30.600	14.58252
30.650	14.58675
30.700	14.59097
30.750	14.59518
30.800	14.59937
30.850	14.60355
30.900	14.60771
30.950	14.61186
31.000	14.61599
31.050	14.62011
31.100	14.62422
31.150	14.62831
31.200	14.63239
31.250	14.63645
31.300	14.64050
31.350	14.64453
31.400	14.64856
31.450	14.65256
31.500	14.65656
31.550	14.66054
31.600	14.66450
31.650	14.66846
31.700	14.67240
31.750	14.67632
31.800	14.68023
31.850	14.68413
31.900	14.68802
31.950	14.69189
32.000	14.69575
32.050	14.69959
32.100	14.70343
32.150	14.70724
32.200	14.71105
32.250	14.71484
32.300	14.71862
32.350	14.72239
32.400	14.72614
32.450	14.72988
32.500	14.73361
32.550	14.73733
32.600	14.74103
32.650	14.74472
32.700	14.74840
32.750	14.75206
32.800	14.75571
32.850	14.75935
32.900	14.76298
32.950	14.76659
33.000	14.77019
33.050	14.77378
33.100	14.77736
33.150	14.78093
33.200	14.78448
33.250	14.78802
33.300	14.79155
33.350	14.79506
33.400	14.79857
33.450	14.80206
33.500	14.80554
33.550	14.80901
33.600	14.81246
33.650	14.81591
33.700	14.81934
33.750	14.82276
33.800	14.82617
33.850	14.82957
33.900	14.83295
33.950	14.83633
34.000	14.83969
34.050	14.84304
34.100	14.84638
34.150	14.84971
34.200	14.85302
34.250	14.85633
34.300	14.85962
34.350	14.86290
34.400	14.86617
34.450	14.86943
34.500	14.87268
34.550	14.87592
34.600	14.87915
34.650	14.88236
34.700	14.88557
34.750	14.88876
34.800	14.89194
34.850	14.89511
34.900	14.89827
34.950	14.90142
35.000	14.90456
35.050	14.90769
35.100	14.91081
35.150	14.91391
35.200	14.91701
35.250	14.92010
35.300	14.92317
35.350	14.92623
35.400	14.92929
35.450	14.93233
35.500	14.93536
35.550	14.93839
35.600	14.94140
35.650	14.94440
35.700	14.94739
35.750	14.95037
35.800	14.95334
35.850	14.95630
35.900	14.95925
35.950	14.96219
36.000	14.96513
36.050	14.96805
36.100	14.97096
36.150	14.97386
36.200	14.97675
36.250	14.97963
36.300	14.98250
36.350	14.98536
36.400	14.98821
36.450	14.99105
36.500	14.99388
36.550	14.99670
36.600	14.99951
36.650	15.00232
36.700	15.00511
36.750	15.00789
36.800	15.01067
36.850	15.01343
36.900	15.01618
36.950	15.01893
37.000	15.02167
37.050	15.02439
37.100	15.02711
37.150	15.02982
37.200	15.03251
37.250	15.03520
37.300	15.03788
37.350	15.04055
37.400	15.04322
37.450	15.04587
37.500	15.04851
37.550	15.05115
37.600	15.05377
37.650	15.05639
37.700	15.05899
37.750	15.06159
37.800	15.06418
37.850	15.06676
37.900	15.06933
37.950	15.07190
38.000	15.07445
38.050	15.07700
38.100	15.07953
38.150	15.08206
38.200	15.08458
38.250	15.08709
38.300	15.08959
38.350	15.09209
38.400	15.09457
38.450	15.09705
38.500	15.09952
38.550	15.10198
38.600	15.10443
38.650	15.10687
38.700	15.10930
38.750	15.11173
38.800	15.11415
38.850	15.11656
38.900	15.11896
38.950	15.12135
39.000	15.12373
39.050	15.12611
39.100	15.12848
39.150	15.13084
39.200	15.13319
39.250	15.13554
39.300	15.13787
39.350	15.14020
39.400	15.14252
39.450	15.14483
39.500	15.14714
39.550	15.14943
39.600	15.15172
39.650	15.15400
39.700	15.15627
39.750	15.15854
39.800	15.16080
39.850	15.16305
39.900	15.16529
39.950	15.16752
40.000	15.16975
40.050	15.17197
40.100	15.17418
40.150	15.17638
40.200	15.17858
40.250	15.18077
40.300	15.18295
40.350	15.18512
40.400	15.18729
40.450	15.18945
40.500	15.19160
40.550	15.19374
40.600	15.19588
40.650	15.19801
40.700	15.20013
40.750	15.20224
40.800	15.20435
40.850	15.20645
40.900	15.20854
40.950	15.21063
41.000	15.21271
41.050	15.21478
41.100	15.21685
41.150	15.21890
41.200	15.22095
41.250	15.22300
41.300	15.22503
41.350	15.22706
41.400	15.22908
41.450	15.23110
41.500	15.23311
41.550	15.23511
41.600	15.23711
41.650	15.23909
41.700	15.24107
41.750	15.24305
41.800	15.24502
41.850	15.24698
41.900	15.24893
41.950	15.25088
42.000	15.25282
42.050	15.25476
42.100	15.25668
42.150	15.25860
42.200	15.26052
42.250	15.26243
42.300	15.26433
42.350	15.26622
42.400	15.26811
42.450	15.26999
42.500	15.27187
42.550	15.27374
42.600	15.27560
42.650	15.27746
42.700	15.27931
42.750	15.28115
42.800	15.28299
42.850	15.28482
42.900	15.28664
42.950	15.28846
43.000	15.29027
43.050	15.29208
43.100	15.29388
43.150	15.29567
43.200	15.29746
43.250	15.29924
43.300	15.30102
43.350	15.30279
43.400	15.30455
43.450	15.30631
43.500	15.30806
43.550	15.30980
43.600	15.31154
43.650	15.31328
43.700	15.31500
43.750	15.31672
43.800	15.31844
43.850	15.32015
43.900	15.32185
43.950	15.32355
44.000	15.32524
44.050	15.32693
44.100	15.32861
44.150	15.33028
44.200	15.33195
44.250	15.33362
44.300	15.33527
44.350	15.33693
44.400	15.33857
44.450	15.34021
44.500	15.34185
44.550	15.34348
44.600	15.34510
44.650	15.34672
44.700	15.34833
44.750	15.34994
44.800	15.35154
44.850	15.35314
44.900	15.35473
44.950	15.35631
45.000	15.35789
45.050	15.35947
45.100	15.36104
45.150	15.36260
45.200	15.36416
45.250	15.36571
45.300	15.36726
45.350	15.36880
45.400	15.37034
45.450	15.37187
45.500	15.37340
45.550	15.37492
45.600	15.37644
45.650	15.37795
45.700	15.37945
45.750	15.38095
45.800	15.38245
45.850	15.38394
45.900	15.38543
45.950	15.38691
46.000	15.38838
46.050	15.38985
46.100	15.39132
46.150	15.39278
46.200	15.39423
46.250	15.39568
46.300	15.39713
46.350	15.39857
46.400	15.40000
46.450	15.40143
46.500	15.40286
46.550	15.40428
46.600	15.40570
46.650	15.40711
46.700	15.40851
46.750	15.40991
46.800	15.41131
46.850	15.41270
46.900	15.41409
46.950	15.41547
47.000	15.41685
47.050	15.41822
47.100	15.41959
47.150	15.42095
47.200	15.42231
47.250	15.42367
47.300	15.42502
47.350	15.42636
47.400	15.42770
47.450	15.42904
47.500	15.43037
47.550	15.43169
47.600	15.43302
47.650	15.43433
47.700	15.43565
47.750	15.43695
47.800	15.43826
47.850	15.43956
47.900	15.44085
47.950	15.44214
48.000	15.44343
48.050	15.44471
48.100	15.44599
48.150	15.44726
48.200	15.44853
48.250	15.44980
48.300	15.45106
48.350	15.45231
48.400	15.45356
48.450	15.45481
48.500	15.45605
48.550	15.45729
48.600	15.45853
48.650	15.45976
48.700	15.46098
48.750	15.46220
48.800	15.46342
48.850	15.46463
48.900	15.46584
48.950	15.46705
49.000	15.46825
49.050	15.46945
49.100	15.47064
49.150	15.47183
49.200	15.47301
49.250	15.47419
49.300	15.47537
49.350	15.47654
49.400	15.47771
49.450	15.47888
49.500	15.48004
49.550	15.48119
49.600	15.48235
49.650	15.48349
49.700	15.48464
49.750	15.48578
49.800	15.48692
49.850	15.48805
49.900	15.48918
49.950	15.49030
50.000	15.49143
50.050	15.49254
50.100	15.49366
50.150	15.49477
50.200	15.49587
50.250	15.49698
50.300	15.49807
50.350	15.49917
50.400	15.50026
50.450	15.50135
50.500	15.50243
50.550	15.50351
50.600	15.50459
50.650	15.50566
50.700	15.50673
50.750	15.50779
50.800	15.50886
50.850	15.50991
50.900	15.51097
50.950	15.51202
51.000	15.51307
51.050	15.51411
51.100	15.51515
51.150	15.51619
51.200	15.51722
51.250	15.51825
51.300	15.51927
51.350	15.52030
51.400	15.52132
51.450	15.52233
51.500	15.52334
51.550	15.52435
51.600	15.52536
51.650	15.52636
51.700	15.52736
51.750	15.52835
51.800	15.52934
51.850	15.53033
51.900	15.53131
51.950	15.53229
52.000	15.53327
52.050	15.53425
52.100	15.53522
52.150	15.53619
52.200	15.53715
52.250	15.53811
52.300	15.53907
52.350	15.54002
52.400	15.54098
52.450	15.54192
52.500	15.54287
52.550	15.54381
52.600	15.54475
52.650	15.54568
52.700	15.54662
52.750	15.54754
52.800	15.54847
52.850	15.54939
52.900	15.55031
52.950	15.55123
53.000	15.55214
53.050	15.55305
53.100	15.55396
53.150	15.55486
53.200	15.55576
53.250	15.55666
53.300	15.55755
53.350	15.55845
53.400	15.55933
53.450	15.56022
53.500	15.56110
53.550	15.56198
53.600	15.56286
53.650	15.56373
53.700	15.56460
53.750	15.56547
53.800	15.56633
53.850	15.56719
53.900	15.56805
53.950	15.56891
54.000	15.56976
54.050	15.57061
54.100	15.57146
54.150	15.57230
54.200	15.57314
54.250	15.57398
54.300	15.57481
54.350	15.57565
54.400	15.57648
54.450	15.57730
54.500	15.57813
54.550	15.57895
54.600	15.57977
54.650	15.58058
54.700	15.58139
54.750	15.58220
54.800	15.58301
54.850	15.58381
54.900	15.58462
54.950	15.58541
55.000	15.58621
55.050	15.58700
55.100	15.58779
55.150	15.58858
55.200	15.58937
55.250	15.59015
55.300	15.59093
55.350	15.59171
55.400	15.59248
55.450	15.59325
55.500	15.59402
55.550	15.59479
55.600	15.59555
55.650	15.59632
55.700	15.59707
55.750	15.59783
55.800	15.59858
55.850	15.59934
55.900	15.60008
55.950	15.60083
56.000	15.60157
56.050	15.60231
56.100	15.60305
56.150	15.60379
56.200	15.60452
56.250	15.60525
56.300	15.60598
56.350	15.60671
56.400	15.60743
56.450	15.60815
56.500	15.60887
56.550	15.60958
56.600	15.61030
56.650	15.61101
56.700	15.61172
56.750	15.61242
56.800	15.61313
56.850	15.61383
56.900	15.61453
56.950	15.61522
57.000	15.61592
57.050	15.61661
57.100	15.61730
57.150	15.61799
57.200	15.61867
57.250	15.61935
57.300	15.62003
57.350	15.62071
57.400	15.62139
57.450	15.62206
57.500	15.62273
57.550	15.62340
57.600	15.62406
57.650	15.62473
57.700	15.62539
57.750	15.62605
57.800	15.62671
57.850	15.62736
57.900	15.62801
57.950	15.62866
58.000	15.62931
58.050	15.62996
58.100	15.63060
58.150	15.63124
58.200	15.63188
58.250	15.63252
58.300	15.63315
58.350	15.63379
58.400	15.63442
58.450	15.63505
58.500	15.63567
58.550	15.63630
58.600	15.63692
58.650	15.63754
58.700	15.63816
58.750	15.63877
58.800	15.63939
58.850	15.64000
58.900	15.64061
58.950	15.64121
59.000	15.64182
59.050	15.64242
59.100	15.64302
59.150	15.64362
59.200	15.64422
59.250	15.64481
59.300	15.64541
59.350	15.64600
59.400	15.64659
59.450	15.64717
59.500	15.64776
59.550	15.64834
59.600	15.64892
59.650	15.64950
59.700	15.65008
59.750	15.65065
59.800	15.65123
59.850	15.65180
59.900	15.65237
59.950	15.65293
60.000	15.65350
60.050	15.65406
60.100	15.65462
60.150	15.65518
60.200	15.65574
60.250	15.65630
60.300	15.65685
60.350	15.65740
60.400	15.65795
60.450	15.65850
60.500	15.65904
60.550	15.65959
60.600	15.66013
60.650	15.66067
60.700	15.66121
60.750	15.66175
60.800	15.66228
60.850	15.66282
60.900	15.66335
60.950	15.66388
61.000	15.66440
61.050	15.66493
61.100	15.66545
61.150	15.66598
61.200	15.66650
61.250	15.66702
61.300	15.66753
61.350	15.66805
61.400	15.66856
61.450	15.66907
61.500	15.66958
61.550	15.67009
61.600	15.67060
61.650	15.67110
61.700	15.67161
61.750	15.67211
61.800	15.67261
61.850	15.67310
61.900	15.67360
61.950	15.67409
62.000	15.67459
62.050	15.67508
62.100	15.67557
62.150	15.67606
62.200	15.67654
62.250	15.67703
62.300	15.67751
62.350	15.67799
62.400	15.67847
62.450	15.67895
62.500	15.67942
62.550	15.67990
62.600	15.68037
62.650	15.68084
62.700	15.68131
62.750	15.68178
62.800	15.68225
62.850	15.68271
62.900	15.68317
62.950	15.68364
63.000	15.68410
63.050	15.68455
63.100	15.68501
63.150	15.68547
63.200	15.68592
63.250	15.68637
63.300	15.68682
63.350	15.68727
63.400	15.68772
63.450	15.68817
63.500	15.68861
63.550	15.68906
63.600	15.68950
63.650	15.68994
63.700	15.69038
63.750	15.69081
63.800	15.69125
63.850	15.69168
63.900	15.69211
63.950	15.69255
64.000	15.69298
64.050	15.69340
64.100	15.69383
64.150	15.69426
64.200	15.69468
64.250	15.69510
64.300	15.69552
64.350	15.69594
64.400	15.69636
64.450	15.69678
64.500	15.69719
64.550	15.69761
64.600	15.69802
64.650	15.69843
64.700	15.69884
64.750	15.69925
64.800	15.69965
64.850	15.70006
64.900	15.70046
64.950	15.70087
65.000	15.70127
65.050	15.70167
65.100	15.70207
65.150	15.70246
65.200	15.70286
65.250	15.70325
65.300	15.70365
65.350	15.70404
65.400	15.70443
65.450	15.70482
65.500	15.70520
65.550	15.70559
65.600	15.70598
65.650	15.70636
65.700	15.70674
65.750	15.70712
65.800	15.70750
65.850	15.70788
65.900	15.70826
65.950	15.70863
66.000	15.70901
66.050	15.70938
66.100	15.70975
66.150	15.71013
66.200	15.71049
66.250	15.71086
66.300	15.71123
66.350	15.71160
66.400	15.71196
66.450	15.71232
66.500	15.71269
66.550	15.71305
66.600	15.71341
66.650	15.71376
66.700	15.71412
66.750	15.71448
66.800	15.71483
66.850	15.71519
66.900	15.71554
66.950	15.71589
67.000	15.71624
67.050	15.71659
67.100	15.71693
67.150	15.71728
67.200	15.71763
67.250	15.71797
67.300	15.71831
67.350	15.71865
67.400	15.71899
67.450	15.71933
67.500	15.71967
67.550	15.72001
67.600	15.72034
67.650	15.72068
67.700	15.72101
67.750	15.72134
67.800	15.72168
67.850	15.72201
67.900	15.72234
67.950	15.72266
68.000	15.72299
68.050	15.72332
68.100	15.72364
68.150	15.72396
68.200	15.72429
68.250	15.72461
68.300	15.72493
68.350	15.72525
68.400	15.72556
68.450	15.72588
68.500	15.72620
68.550	15.72651
68.600	15.72682
68.650	15.72714
68.700	15.72745
68.750	15.72776
68.800	15.72807
68.850	15.72838
68.900	15.72868
68.950	15.72899
69.000	15.72929
69.050	15.72960
69.100	15.72990
69.150	15.73020
69.200	15.73050
69.250	15.73080
69.300	15.73110
69.350	15.73140
69.400	15.73170
69.450	15.73199
69.500	15.73229
69.550	15.73258
69.600	15.73287
69.650	15.73317
69.700	15.73346
69.750	15.73375
69.800	15.73403
69.850	15.73432
69.900	15.73461
69.950	15.73489
70.000	15.73518
70.050	15.73546
70.100	15.73575
70.150	15.73603
70.200	15.73631
70.250	15.73659
70.300	15.73687
70.350	15.73715
70.400	15.73742
70.450	15.73770
70.500	15.73797
70.550	15.73825
70.600	15.73852
70.650	15.73880
70.700	15.73907
70.750	15.73934
70.800	15.73961
70.850	15.73988
70.900	15.74014
70.950	15.74041
71.000	15.74068
71.050	15.74094
71.100	15.74121
71.150	15.74147
71.200	15.74173
71.250	15.74199
71.300	15.74225
71.350	15.74251
71.400	15.74277
71.450	15.74303
71.500	15.74329
71.550	15.74354
71.600	15.74380
71.650	15.74405
71.700	15.74431
71.750	15.74456
71.800	15.74481
71.850	15.74506
71.900	15.74531
71.950	15.74556
72.000	15.74581
72.050	15.74606
72.100	15.74630
72.150	15.74655
72.200	15.74679
72.250	15.74704
72.300	15.74728
72.350	15.74752
72.400	15.74777
72.450	15.74801
72.500	15.74825
72.550	15.74849
72.600	15.74872
72.650	15.74896
72.700	15.74920
72.750	15.74943
72.800	15.74967
72.850	15.74990
72.900	15.75014
72.950	15.75037
73.000	15.75060
73.050	15.75083
73.100	15.75106
73.150	15.75129
73.200	15.75152
73.250	15.75175
73.300	15.75198
73.350	15.75220
73.400	15.75243
73.450	15.75265
73.500	15.75288
73.550	15.75310
73.600	15.75332
73.650	15.75355
73.700	15.75377
73.750	15.75399
73.800	15.75421
73.850	15.75442
73.900	15.75464
73.950	15.75486
74.000	15.75508
74.050	15.75529
74.100	15.75551
74.150	15.75572
74.200	15.75594
74.250	15.75615
74.300	15.75636
74.350	15.75657
74.400	15.75678
74.450	15.75699
74.500	15.75720
74.550	15.75741
74.600	15.75762
74.650	15.75783
74.700	15.75803
74.750	15.75824
74.800	15.75844
74.850	15.75865
74.900	15.75885
74.950	15.75905
75.000	15.75926
75.050	15.75946
75.100	15.75966
75.150	15.75986
75.200	15.76006
75.250	15.76026
75.300	15.76045
75.350	15.76065
75.400	15.76085
75.450	15.76104
75.500	15.76124
75.550	15.76143
75.600	15.76163
75.650	15.76182
75.700	15.76202
75.750	15.76221
75.800	15.76240
75.850	15.76259
75.900	15.76278
75.950	15.76297
76.000	15.76316
76.050	15.76335
76.100	15.76353
76.150	15.76372
76.200	15.76391
76.250	15.76409
76.300	15.76428
76.350	15.76446
76.400	15.76465
76.450	15.76483
76.500	15.76501
76.550	15.76519
76.600	15.76537
76.650	15.76555
76.700	15.76573
76.750	15.76591
76.800	15.76609
76.850	15.76627
76.900	15.76645
76.950	15.76663
77.000	15.76680
77.050	15.76698
77.100	15.76715
77.150	15.76733
77.200	15.76750
77.250	15.76767
77.300	15.76785
77.350	15.76802
77.400	15.76819
77.450	15.76836
77.500	15.76853
77.550	15.76870
77.600	15.76887
77.650	15.76904
77.700	15.76921
77.750	15.76938
77.800	15.76954
77.850	15.76971
77.900	15.76987
77.950	15.77004
78.000	15.77020
78.050	15.77037
78.100	15.77053
78.150	15.77069
78.200	15.77086
78.250	15.77102
78.300	15.77118
78.350	15.77134
78.400	15.77150
78.450	15.77166
78.500	15.77182
78.550	15.77198
78.600	15.77214
78.650	15.77229
78.700	15.77245
78.750	15.77261
78.800	15.77276
78.850	15.77292
78.900	15.77307
78.950	15.77323
79.000	15.77338
79.050	15.77353
79.100	15.77369
79.150	15.77384
79.200	15.77399
79.250	15.77414
79.300	15.77429
79.350	15.77444
79.400	15.77459
79.450	15.77474
79.500	15.77489
79.550	15.77504
79.600	15.77519
79.650	15.77533
79.700	15.77548
79.750	15.77563
79.800	15.77577
79.850	15.77592
79.900	15.77606
79.950	15.77620
80.000	15.77635
80.050	15.77649
80.100	15.77663
80.150	15.77678
80.200	15.77692
80.250	15.77706
80.300	15.77720
80.350	15.77734
80.400	15.77748
80.450	15.77762
80.500	15.77776
80.550	15.77790
80.600	15.77803
80.650	15.77817
80.700	15.77831
80.750	15.77844
80.800	15.77858
80.850	15.77871
80.900	15.77885
80.950	15.77898
81.000	15.77912
81.050	15.77925
81.100	15.77939
81.150	15.77952
81.200	15.77965
81.250	15.77978
81.300	15.77991
81.350	15.78004
81.400	15.78017
81.450	15.78030
81.500	15.78043
81.550	15.78056
81.600	15.78069
81.650	15.78082
81.700	15.78095
81.750	15.78108
81.800	15.78120
81.850	15.78133
81.900	15.78145
81.950	15.78158
82.000	15.78171
82.050	15.78183
82.100	15.78195
82.150	15.78208
82.200	15.78220
82.250	15.78232
82.300	15.78245
82.350	15.78257
82.400	15.78269
82.450	15.78281
82.500	15.78293
82.550	15.78305
82.600	15.78317
82.650	15.78329
82.700	15.78341
82.750	15.78353
82.800	15.78365
82.850	15.78377
82.900	15.78389
82.950	15.78400
83.000	15.78412
83.050	15.78424
83.100	15.78435
83.150	15.78447
83.200	15.78458
83.250	15.78470
83.300	15.78481
83.350	15.78493
83.400	15.78504
83.450	15.78516
83.500	15.78527
83.550	15.78538
83.600	15.78549
83.650	15.78560
83.700	15.78572
83.750	15.78583
83.800	15.78594
83.850	15.78605
83.900	15.78616
83.950	15.78627
84.000	15.78638
84.050	15.78649
84.100	15.78659
84.150	15.78670
84.200	15.78681
84.250	15.78692
84.300	15.78702
84.350	15.78713
84.400	15.78724
84.450	15.78734
84.500	15.78745
84.550	15.78755
84.600	15.78766
84.650	15.78776
84.700	15.78787
84.750	15.78797
84.800	15.78807
84.850	15.78818
84.900	15.78828
84.950	15.78838
85.000	15.78848
85.050	15.78858
85.100	15.78869
85.150	15.78879
85.200	15.78889
85.250	15.78899
85.300	15.78909
85.350	15.78919
85.400	15.78929
85.450	15.78938
85.500	15.78948
85.550	15.78958
85.600	15.78968
85.650	15.78978
85.700	15.78987
85.750	15.78997
85.800	15.79007
85.850	15.79016
85.900	15.79026
85.950	15.79035
86.000	15.79045
86.050	15.79054
86.100	15.79064
86.150	15.79073
86.200	15.79083
86.250	15.79092
86.300	15.79101
86.350	15.79111
86.400	15.79120
86.450	15.79129
86.500	15.79138
86.550	15.79148
86.600	15.79157
86.650	15.79166
86.700	15.79175
86.750	15.79184
86.800	15.79193
86.850	15.79202
86.900	15.79211
86.950	15.79220
87.000	15.79229
87.050	15.79237
87.100	15.79246
87.150	15.79255
87.200	15.79264
87.250	15.79273
87.300	15.79281
87.350	15.79290
87.400	15.79299
87.450	15.79307
87.500	15.79316
87.550	15.79324
87.600	15.79333
87.650	15.79341
87.700	15.79350
87.750	15.79358
87.800	15.79367
87.850	15.79375
87.900	15.79384
87.950	15.79392
88.000	15.79400
88.050	15.79408
88.100	15.79417
88.150	15.79425
88.200	15.79433
88.250	15.79441
88.300	15.79449
88.350	15.79457
88.400	15.79466
88.450	15.79474
88.500	15.79482
88.550	15.79490
88.600	15.79498
88.650	15.79505
88.700	15.79513
88.750	15.79521
88.800	15.79529
88.850	15.79537
88.900	15.79545
88.950	15.79553
89.000	15.79560
89.050	15.79568
89.100	15.79576
89.150	15.79583
89.200	15.79591
89.250	15.79599
89.300	15.79606
89.350	15.79614
89.400	15.79621
89.450	15.79629
89.500	15.79636
89.550	15.79644
89.600	15.79651
89.650	15.79659
89.700	15.79666
89.750	15.79673
89.800	15.79681
89.850	15.79688
89.900	15.79695
89.950	15.79703
90.000	15.79710
90.050	15.79717
90.100	15.79724
90.150	15.79731
90.200	15.79739
90.250	15.79746
90.300	15.79753
90.350	15.79760
90.400	15.79767
90.450	15.79774
90.500	15.79781
90.550	15.79788
90.600	15.79795
90.650	15.79802
90.700	15.79809
90.750	15.79815
90.800	15.79822
90.850	15.79829
90.900	15.79836
90.950	15.79843
91.000	15.79849
91.050	15.79856
91.100	15.79863
91.150	15.79870
91.200	15.79876
91.250	15.79883
91.300	15.79890
91.350	15.79896
91.400	15.79903
91.450	15.79909
91.500	15.79916
91.550	15.79922
91.600	15.79929
91.650	15.79935
91.700	15.79942
91.750	15.79948
91.800	15.79954
91.850	15.79961
91.900	15.79967
91.950	15.79974
92.000	15.79980
92.050	15.79986
92.100	15.79992
92.150	15.79999
92.200	15.80005
92.250	15.80011
92.300	15.80017
92.350	15.80023
92.400	15.80030
92.450	15.80036
92.500	15.80042
92.550	15.80048
92.600	15.80054
92.650	15.80060
92.700	15.80066
92.750	15.80072
92.800	15.80078
92.850	15.80084
92.900	15.80090
92.950	15.80096
93.000	15.80102
93.050	15.80107
93.100	15.80113
93.150	15.80119
93.200	15.80125
93.250	15.80131
93.300	15.80137
93.350	15.80142
93.400	15.80148
93.450	15.80154
93.500	15.80159
93.550	15.80165
93.600	15.80171
93.650	15.80176
93.700	15.80182
93.750	15.80188
93.800	15.80193
93.850	15.80199
93.900	15.80204
93.950	15.80210
94.000	15.80215
94.050	15.80221
94.100	15.80226
94.150	15.80232
94.200	15.80237
94.250	15.80243
94.300	15.80248
94.350	15.80253
94.400	15.80259
94.450	15.80264
94.500	15.80269
94.550	15.80275
94.600	15.80280
94.650	15.80285
94.700	15.80290
94.750	15.80296
94.800	15.80301
94.850	15.80306
94.900	15.80311
94.950	15.80316
95.000	15.80321
95.050	15.80327
95.100	15.80332
95.150	15.80337
95.200	15.80342
95.250	15.80347
95.300	15.80352
95.350	15.80357
95.400	15.80362
95.450	15.80367
95.500	15.80372
95.550	15.80377
95.600	15.80382
95.650	15.80387
95.700	15.80392
95.750	15.80396
95.800	15.80401
95.850	15.80406
95.900	15.80411
95.950	15.80416
96.000	15.80421
96.050	15.80425
96.100	15.80430
96.150	15.80435
96.200	15.80440
96.250	15.80444
96.300	15.80449
96.350	15.80454
96.400	15.80458
96.450	15.80463
96.500	15.80468
96.550	15.80472
96.600	15.80477
96.650	15.80481
96.700	15.80486
96.750	15.80491
96.800	15.80495
96.850	15.80500
96.900	15.80504
96.950	15.80509
97.000	15.80513
97.050	15.80518
97.100	15.80522
97.150	15.80526
97.200	15.80531
97.250	15.80535
97.300	15.80540
97.350	15.80544
97.400	15.80548
97.450	15.80553
97.500	15.80557
97.550	15.80561
97.600	15.80566
97.650	15.80570
97.700	15.80574
97.750	15.80579
97.800	15.80583
97.850	15.80587
97.900	15.80591
97.950	15.80595
98.000	15.80600
98.050	15.80604
98.100	15.80608
98.150	15.80612
98.200	15.80616
98.250	15.80620
98.300	15.80624
98.350	15.80628
98.400	15.80633
98.450	15.80637
98.500	15.80641
98.550	15.80645
98.600	15.80649
98.650	15.80653
98.700	15.80657
98.750	15.80661
98.800	15.80665
98.850	15.80669
98.900	15.80672
98.950	15.80676
99.000	15.80680
99.050	15.80684
99.100	15.80688
99.150	15.80692
99.200	15.80696
99.250	15.80700
99.300	15.80703
99.350	15.80707
99.400	15.80711
99.450	15.80715
99.500	15.80719
99.550	15.80722
99.600	15.80726
99.650	15.80730
99.700	15.80734
99.750	15.80737
99.800	15.80741
99.850	15.80745
99.900	15.80748
99.950	15.80752
100.000	15.80756
100.050	15.80759
100.100	15.80763
100.150	15.80767
100.200	15.80770
100.250	15.80774
100.300	15.80777
100.350	15.80781
100.400	15.80784
100.450	15.80788
100.500	15.80791
100.550	15.80795
100.600	15.80798
100.650	15.80802
100.700	15.80805
100.750	15.80809
100.800	15.80812
100.850	15.80816
100.900	15.80819
100.950	15.80823
101.000	15.80826
101.050	15.80829
101.100	15.80833
101.150	15.80836
101.200	15.80840
101.250	15.80843
101.300	15.80846
101.350	15.80850
101.400	15.80853
101.450	15.80856
101.500	15.80859
101.550	15.80863
101.600	15.80866
101.650	15.80869
101.700	15.80873
101.750	15.80876
101.800	15.80879
101.850	15.80882
101.900	15.80885
101.950	15.80889
102.000	15.80892
102.050	15.80895
102.100	15.80898
102.150	15.80901
102.200	15.80904
102.250	15.80908
102.300	15.80911
102.350	15.80914
102.400	15.80917
102.450	15.80920
102.500	15.80923
102.550	15.80926
102.600	15.80929
102.650	15.80932
102.700	15.80935
102.750	15.80938
102.800	15.80941
102.850	15.80944
102.900	15.80947
102.950	15.80950
103.000	15.80953
103.050	15.80956
103.100	15.80959
103.150	15.80962
103.200	15.80965
103.250	15.80968
103.300	15.80971
103.350	15.80974
103.400	15.80977
103.450	15.80979
103.500	15.80982
103.550	15.80985
103.600	15.80988
103.650	15.80991
103.700	15.80994
103.750	15.80996
103.800	15.80999
103.850	15.81002
103.900	15.81005
103.950	15.81008
104.000	15.81010
104.050	15.81013
104.100	15.81016
104.150	15.81019
104.200	15.81021
104.250	15.81024
104.300	15.81027
104.350	15.81030
104.400	15.81032
104.450	15.81035
104.500	15.81038
104.550	15.81040
104.600	15.81043
104.650	15.81046
104.700	15.81048
104.750	15.81051
104.800	15.81054
104.850	15.81056
104.900	15.81059
104.950	15.81061
105.000	15.81064
105.050	15.81067
105.100	15.81069
105.150	15.81072
105.200	15.81074
105.250	15.81077
105.300	15.81079
105.350	15.81082
105.400	15.81084
105.450	15.81087
105.500	15.81089
105.550	15.81092
105.600	15.81094
105.650	15.81097
105.700	15.81099
105.750	15.81102
105.800	15.81104
105.850	15.81107
105.900	15.81109
105.950	15.81111
106.000	15.81114
106.050	15.81116
106.100	15.81119
106.150	15.81121
106.200	15.81123
106.250	15.81126
106.300	15.81128
106.350	15.81131
106.400	15.81133
106.450	15.81135
106.500	15.81138
106.550	15.81140
106.600	15.81142
106.650	15.81145
106.700	15.81147
106.750	15.81149
106.800	15.81151
106.850	15.81154
106.900	15.81156
106.950	15.81158
107.000	15.81161
107.050	15.81163
107.100	15.81165
107.150	15.81167
107.200	15.81170
107.250	15.81172
107.300	15.81174
107.350	15.81176
107.400	15.81178
107.450	15.81181
107.500	15.81183
107.550	15.81185
107.600	15.81187
107.650	15.81189
107.700	15.81191
107.750	15.81194
107.800	15.81196
107.850	15.81198
107.900	15.81200
107.950	15.81202
108.000	15.81204
108.050	15.81206
108.100	15.81208
108.150	15.81210
108.200	15.81212
108.250	15.81215
108.300	15.81217
108.350	15.81219
108.400	15.81221
108.450	15.81223
108.500	15.81225
108.550	15.81227
108.600	15.81229
108.650	15.81231
108.700	15.81233
108.750	15.81235
108.800	15.81237
108.850	15.81239
108.900	15.81241
108.950	15.81243
109.000	15.81245
109.050	15.81247
109.100	15.81249
109.150	15.81251
109.200	15.81253
109.250	15.81255
109.300	15.81256
109.350	15.81258
109.400	15.81260
109.450	15.81262
109.500	15.81264
109.550	15.81266
109.600	15.81268
109.650	15.81270
109.700	15.81272
109.750	15.81274
109.800	15.81275
109.850	15.81277
109.900	15.81279
109.950	15.81281
110.000	15.81283
110.050	15.81285
110.100	15.81286
110.150	15.81288
110.200	15.81290
110.250	15.81292
110.300	15.81294
110.350	15.81295
110.400	15.81297
110.450	15.81299
110.500	15.81301
110.550	15.81303
110.600	15.81304
110.650	15.81306
110.700	15.81308
110.750	15.81310
110.800	15.81311
110.850	15.81313
110.900	15.81315
110.950	15.81317
111.000	15.81318
111.050	15.81320
111.100	15.81322
111.150	15.81323
111.200	15.81325
111.250	15.81327
111.300	15.81328
111.350	15.81330
111.400	15.81332
111.450	15.81333
111.500	15.81335
111.550	15.81337
111.600	15.81338
111.650	15.81340
111.700	15.81342
111.750	15.81343
111.800	15.81345
111.850	15.81347
111.900	15.81348
111.950	15.81350
112.000	15.81351
112.050	15.81353
112.100	15.81355
112.150	15.81356
112.200	15.81358
112.250	15.81359
112.300	15.81361
112.350	15.81362
112.400	15.81364
112.450	15.81366
112.500	15.81367
112.550	15.81369
112.600	15.81370
112.650	15.81372
112.700	15.81373
112.750	15.81375
112.800	15.81376
112.850	15.81378
112.900	15.81379
112.950	15.81381
113.000	15.81382
113.050	15.81384
113.100	15.81385
113.150	15.81387
113.200	15.81388
113.250	15.81390
113.300	15.81391
113.350	15.81393
113.400	15.81394
113.450	15.81396
113.500	15.81397
113.550	15.81398
113.600	15.81400
113.650	15.81401
113.700	15.81403
113.750	15.81404
113.800	15.81406
113.850	15.81407
113.900	15.81408
113.950	15.81410
114.000	15.81411
114.050	15.81413
114.100	15.81414
114.150	15.81415
114.200	15.81417
114.250	15.81418
114.300	15.81420
114.350	15.81421
114.400	15.81422
114.450	15.81424
114.500	15.81425
114.550	15.81426
114.600	15.81428
114.650	15.81429
114.700	15.81430
114.750	15.81432
114.800	15.81433
114.850	15.81434
114.900	15.81436
114.950	15.81437
115.000	15.81438
115.050	15.81439
115.100	15.81441
115.150	15.81442
115.200	15.81443
115.250	15.81445
115.300	15.81446
115.350	15.81447
115.400	15.81448
115.450	15.81450
115.500	15.81451
115.550	15.81452
115.600	15.81454
115.650	15.81455
115.700	15.81456
115.750	15.81457
115.800	15.81458
115.850	15.81460
115.900	15.81461
115.950	15.81462
116.000	15.81463
116.050	15.81465
116.100	15.81466
116.150	15.81467
116.200	15.81468
116.250	15.81469
116.300	15.81471
116.350	15.81472
116.400	15.81473
116.450	15.81474
116.500	15.81475
116.550	15.81477
116.600	15.81478
116.650	15.81479
116.700	15.81480
116.750	15.81481
116.800	15.81482
116.850	15.81483
116.900	15.81485
116.950	15.81486
117.000	15.81487
117.050	15.81488
117.100	15.81489
117.150	15.81490
117.200	15.81491
117.250	15.81493
117.300	15.81494
117.350	15.81495
117.400	15.81496
117.450	15.81497
117.500	15.81498
117.550	15.81499
117.600	15.81500
117.650	15.81501
117.700	15.81502
117.750	15.81503
117.800	15.81505
117.850	15.81506
117.900	15.81507
117.950	15.81508
118.000	15.81509
118.050	15.81510
118.100	15.81511
118.150	15.81512
118.200	15.81513
118.250	15.81514
118.300	15.81515
118.350	15.81516
118.400	15.81517
118.450	15.81518
118.500	15.81519
118.550	15.81520
118.600	15.81521
118.650	15.81522
118.700	15.81523
118.750	15.81524
118.800	15.81525
118.850	15.81526
118.900	15.81527
118.950	15.81528
119.000	15.81529
119.050	15.81530
119.100	15.81531
119.150	15.81532
119.200	15.81533
119.250	15.81534
119.300	15.81535
119.350	15.81536
119.400	15.81537
119.450	15.81538
119.500	15.81539
119.550	15.81540
119.600	15.81541
119.650	15.81542
119.700	15.81543
119.750	15.81544
119.800	15.81545
119.850	15.81546
119.900	15.81547
119.950	15.81548
120.000	15.81548
120.050	15.81549
120.100	15.81550
120.150	15.81551
120.200	15.81552
120.250	15.81553
120.300	15.81554
120.350	15.81555
120.400	15.81556
120.450	15.81557
120.500	15.81558
120.550	15.81558
120.600	15.81559
120.650	15.81560
120.700	15.81561
120.750	15.81562
120.800	15.81563
120.850	15.81564
120.900	15.81565
120.950	15.81566
121.000	15.81566
121.050	15.81567
121.100	15.81568
121.150	15.81569
121.200	15.81570
121.250	15.81571
121.300	15.81572
121.350	15.81572
121.400	15.81573
121.450	15.81574
121.500	15.81575
121.550	15.81576
121.600	15.81577
121.650	15.81577
121.700	15.81578
121.750	15.81579
121.800	15.81580
121.850	15.81581
121.900	15.81581
121.950	15.81582
122.000	15.81583
122.050	15.81584
122.100	15.81585
122.150	15.81585
122.200	15.81586
122.250	15.81587
122.300	15.81588
122.350	15.81589
122.400	15.81589
122.450	15.81590
122.500	15.81591
122.550	15.81592
122.600	15.81593
122.650	15.81593
122.700	15.81594
122.750	15.81595
122.800	15.81596
122.850	15.81596
122.900	15.81597
122.950	15.81598
123.000	15.81599
123.050	15.81599
123.100	15.81600
123.150	15.81601
123.200	15.81602
123.250	15.81602
123.300	15.81603
123.350	15.81604
123.400	15.81605
123.450	15.81605
123.500	15.81606
123.550	15.81607
123.600	15.81608
123.650	15.81608
123.700	15.81609
123.750	15.81610
123.800	15.81610
123.850	15.81611
123.900	15.81612
123.950	15.81613
124.000	15.81613
124.050	15.81614
124.100	15.81615
124.150	15.81615
124.200	15.81616
124.250	15.81617
124.300	15.81617
124.350	15.81618
124.400	15.81619
124.450	15.81619
124.500	15.81620
124.550	15.81621
124.600	15.81621
124.650	15.81622
124.700	15.81623
124.750	15.81624
124.800	15.81624
124.850	15.81625
124.900	15.81625
124.950	15.81626
125.000	15.81627
125.050	15.81627
125.100	15.81628
125.150	15.81629
125.200	15.81629
125.250	15.81630
125.300	15.81631
125.350	15.81631
125.400	15.81632
125.450	15.81633
125.500	15.81633
125.550	15.81634
125.600	15.81635
125.650	15.81635
125.700	15.81636
125.750	15.81636
125.800	15.81637
125.850	15.81638
125.900	15.81638
125.950	15.81639
126.000	15.81640
126.050	15.81640
126.100	15.81641
126.150	15.81641
126.200	15.81642
126.250	15.81643
126.300	15.81643
126.350	15.81644
126.400	15.81644
126.450	15.81645
126.500	15.81646
126.550	15.81646
126.600	15.81647
126.650	15.81647
126.700	15.81648
126.750	15.81648
126.800	15.81649
126.850	15.81650
126.900	15.81650
126.950	15.81651
127.000	15.81651
127.050	15.81652
127.100	15.81652
127.150	15.81653
127.200	15.81654
127.250	15.81654
127.300	15.81655
127.350	15.81655
127.400	15.81656
127.450	15.81656
127.500	15.81657
127.550	15.81658
127.600	15.81658
127.650	15.81659
127.700	15.81659
127.750	15.81660
127.800	15.81660
127.850	15.81661
127.900	15.81661
127.950	15.81662
128.000	15.81662
128.050	15.81663
128.100	15.81663
128.150	15.81664
128.200	15.81665
128.250	15.81665
128.300	15.81666
128.350	15.81666
128.400	15.81667
128.450	15.81667
128.500	15.81668
128.550	15.81668
128.600	15.81669
128.650	15.81669
128.700	15.81670
128.750	15.81670
128.800	15.81671
128.850	15.81671
128.900	15.81672
128.950	15.81672
129.000	15.81673
129.050	15.81673
129.100	15.81674
129.150	15.81674
129.200	15.81675
129.250	15.81675
129.300	15.81676
129.350	15.81676
129.400	15.81677
129.450	15.81677
129.500	15.81678
129.550	15.81678
129.600	15.81679
129.650	15.81679
129.700	15.81680
129.750	15.81680
129.800	15.81681
129.850	15.81681
129.900	15.81681
129.950	15.81682
130.000	15.81682
130.050	15.81683
130.100	15.81683
130.150	15.81684
130.200	15.81684
130.250	15.81685
130.300	15.81685
130.350	15.81686
130.400	15.81686
130.450	15.81687
130.500	15.81687
130.550	15.81687
130.600	15.81688
130.650	15.81688
130.700	15.81689
130.750	15.81689
130.800	15.81690
130.850	15.81690
130.900	15.81691
130.950	15.81691
131.000	15.81691
131.050	15.81692
131.100	15.81692
131.150	15.81693
131.200	15.81693
131.250	15.81694
131.300	15.81694
131.350	15.81694
131.400	15.81695
131.450	15.81695
131.500	15.81696
131.550	15.81696
131.600	15.81697
131.650	15.81697
131.700	15.81697
131.750	15.81698
131.800	15.81698
131.850	15.81699
131.900	15.81699
131.950	15.81699
132.000	15.81700
132.050	15.81700
132.100	15.81701
132.150	15.81701
132.200	15.81701
132.250	15.81702
132.300	15.81702
132.350	15.81703
132.400	15.81703
132.450	15.81703
132.500	15.81704
132.550	15.81704
132.600	15.81705
132.650	15.81705
132.700	15.81705
132.750	15.81706
132.800	15.81706
132.850	15.81707
132.900	15.81707
132.950	15.81707
133.000	15.81708
133.050	15.81708
133.100	15.81708
133.150	15.81709
133.200	15.81709
133.250	15.81710
133.300	15.81710
133.350	15.81710
133.400	15.81711
133.450	15.81711
133.500	15.81711
133.550	15.81712
133.600	15.81712
133.650	15.81713
133.700	15.81713
133.750	15.81713
133.800	15.81714
133.850	15.81714
133.900	15.81714
133.950	15.81715
134.000	15.81715
134.050	15.81715
134.100	15.81716
134.150	15.81716
134.200	15.81716
134.250	15.81717
134.300	15.81717
134.350	15.81717
134.400	15.81718
134.450	15.81718
134.500	15.81719
134.550	15.81719
134.600	15.81719
134.650	15.81720
134.700	15.81720
134.750	15.81720
134.800	15.81721
134.850	15.81721
134.900	15.81721
134.950	15.81722
135.000	15.81722
135.050	15.81722
135.100	15.81723
135.150	15.81723
135.200	15.81723
135.250	15.81724
135.300	15.81724
135.350	15.81724
135.400	15.81724
135.450	15.81725
135.500	15.81725
135.550	15.81725
135.600	15.81726
135.650	15.81726
135.700	15.81726
135.750	15.81727
135.800	15.81727
135.850	15.81727
135.900	15.81728
135.950	15.81728
136.000	15.81728
136.050	15.81729
136.100	15.81729
136.150	15.81729
136.200	15.81730
136.250	15.81730
136.300	15.81730
136.350	15.81730
136.400	15.81731
136.450	15.81731
136.500	15.81731
136.550	15.81732
136.600	15.81732
136.650	15.81732
136.700	15.81733
136.750	15.81733
136.800	15.81733
136.850	15.81733
136.900	15.81734
136.950	15.81734
137.000	15.81734
137.050	15.81735
137.100	15.81735
137.150	15.81735
137.200	15.81735
137.250	15.81736
137.300	15.81736
137.350	15.81736
137.400	15.81737
137.450	15.81737
137.500	15.81737
137.550	15.81737
137.600	15.81738
137.650	15.81738
137.700	15.81738
137.750	15.81738
137.800	15.81739
137.850	15.81739
137.900	15.81739
137.950	15.81740
138.000	15.81740
138.050	15.81740
138.100	15.81740
138.150	15.81741
138.200	15.81741
138.250	15.81741
138.300	15.81741
138.350	15.81742
138.400	15.81742
138.450	15.81742
138.500	15.81742
138.550	15.81743
138.600	15.81743
138.650	15.81743
138.700	15.81744
138.750	15.81744
138.800	15.81744
138.850	15.81744
138.900	15.81745
138.950	15.81745
139.000	15.81745
139.050	15.81745
139.100	15.81746
139.150	15.81746
139.200	15.81746
139.250	15.81746
139.300	15.81747
139.350	15.81747
139.400	15.81747
139.450	15.81747
139.500	15.81748
139.550	15.81748
139.600	15.81748
139.650	15.81748
139.700	15.81748
139.750	15.81749
139.800	15.81749
139.850	15.81749
139.900	15.81749
139.950	15.81750
140.000	15.81750
140.050	15.81750
140.100	15.81750
140.150	15.81751
140.200	15.81751
140.250	15.81751
140.300	15.81751
140.350	15.81752
140.400	15.81752
140.450	15.81752
140.500	15.81752
140.550	15.81752
140.600	15.81753
140.650	15.81753
140.700	15.81753
140.750	15.81753
140.800	15.81754
140.850	15.81754
140.900	15.81754
140.950	15.81754
141.000	15.81754
141.050	15.81755
141.100	15.81755
141.150	15.81755
141.200	15.81755
141.250	15.81756
141.300	15.81756
141.350	15.81756
141.400	15.81756
141.450	15.81756
141.500	15.81757
141.550	15.81757
141.600	15.81757
141.650	15.81757
141.700	15.81757
141.750	15.81758
141.800	15.81758
141.850	15.81758
141.900	15.81758
141.950	15.81758
142.000	15.81759
142.050	15.81759
142.100	15.81759
142.150	15.81759
142.200	15.81760
142.250	15.81760
142.300	15.81760
142.350	15.81760
142.400	15.81760
142.450	15.81761
142.500	15.81761
142.550	15.81761
142.600	15.81761
142.650	15.81761
142.700	15.81761
142.750	15.81762
142.800	15.81762
142.850	15.81762
142.900	15.81762
142.950	15.81762
143.000	15.81763
143.050	15.81763
143.100	15.81763
143.150	15.81763
143.200	15.81763
143.250	15.81764
143.300	15.81764
143.350	15.81764
143.400	15.81764
143.450	15.81764
143.500	15.81765
143.550	15.81765
143.600	15.81765
143.650	15.81765
143.700	15.81765
143.750	15.81765
143.800	15.81766
143.850	15.81766
143.900	15.81766
143.950	15.81766
144.000	15.81766
144.050	15.81767
144.100	15.81767
144.150	15.81767
144.200	15.81767
144.250	15.81767
144.300	15.81767
144.350	15.81768
144.400	15.81768
144.450	15.81768
144.500	15.81768
144.550	15.81768
144.600	15.81768
144.650	15.81769
144.700	15.81769
144.750	15.81769
144.800	15.81769
144.850	15.81769
144.900	15.81769
144.950	15.81770
145.000	15.81770
145.050	15.81770
145.100	15.81770
145.150	15.81770
145.200	15.81770
145.250	15.81771
145.300	15.81771
145.350	15.81771
145.400	15.81771
145.450	15.81771
145.500	15.81771
145.550	15.81772
145.600	15.81772
145.650	15.81772
145.700	15.81772
145.750	15.81772
145.800	15.81772
145.850	15.81773
145.900	15.81773
145.950	15.81773
146.000	15.81773
146.050	15.81773
146.100	15.81773
146.150	15.81773
146.200	15.81774
146.250	15.81774
146.300	15.81774
146.350	15.81774
146.400	15.81774
146.450	15.81774
146.500	15.81775
146.550	15.81775
146.600	15.81775
146.650	15.81775
146.700	15.81775
146.750	15.81775
146.800	15.81775
146.850	15.81776
146.900	15.81776
146.950	15.81776
147.000	15.81776
147.050	15.81776
147.100	15.81776
147.150	15.81776
147.200	15.81777
147.250	15.81777
147.300	15.81777
147.350	15.81777
147.400	15.81777
147.450	15.81777
147.500	15.81777
147.550	15.81778
147.600	15.81778
147.650	15.81778
147.700	15.81778
147.750	15.81778
147.800	15.81778
147.850	15.81778
147.900	15.81779
147.950	15.81779
148.000	15.81779
148.050	15.81779
148.100	15.81779
148.150	15.81779
148.200	15.81779
148.250	15.81780
148.300	15.81780
148.350	15.81780
148.400	15.81780
148.450	15.81780
148.500	15.81780
148.550	15.81780
148.600	15.81780
148.650	15.81781
148.700	15.81781
148.750	15.81781
148.800	15.81781
148.850	15.81781
148.900	15.81781
148.950	15.81781
149.000	15.81781
149.050	15.81782
149.100	15.81782
149.150	15.81782
149.200	15.81782
149.250	15.81782
149.300	15.81782
149.350	15.81782
149.400	15.81782
149.450	15.81783
149.500	15.81783
149.550	15.81783
149.600	15.81783
149.650	15.81783
149.700	15.81783
149.750	15.81783
149.800	15.81783
149.850	15.81784
149.900	15.81784
149.950	15.81784
150.000	15.81784
150.050	15.81784
150.100	15.81784
150.150	15.81784
150.200	15.81784
150.250	15.81785
150.300	15.81785
150.350	15.81785
150.400	15.81785
150.450	15.81785
150.500	15.81785
150.550	15.81785
150.600	15.81785
150.650	15.81785
150.700	15.81786
150.750	15.81786
150.800	15.81786
150.850	15.81786
150.900	15.81786
150.950	15.81786
151.000	15.81786
151.050	15.81786
151.100	15.81786
151.150	15.81787
151.200	15.81787
151.250	15.81787
151.300	15.81787
151.350	15.81787
151.400	15.81787
151.450	15.81787
151.500	15.81787
151.550	15.81787
151.600	15.81788
151.650	15.81788
151.700	15.81788
151.750	15.81788
151.800	15.81788
151.850	15.81788
151.900	15.81788
151.950	15.81788
152.000	15.81788
152.050	15.81788
152.100	15.81789
152.150	15.81789
152.200	15.81789
152.250	15.81789
152.300	15.81789
152.350	15.81789
152.400	15.81789
152.450	15.81789
152.500	15.81789
152.550	15.81789
152.600	15.81790
152.650	15.81790
152.700	15.81790
152.750	15.81790
152.800	15.81790
152.850	15.81790
152.900	15.81790
152.950	15.81790
153.000	15.81790
153.050	15.81790
153.100	15.81791
153.150	15.81791
153.200	15.81791
153.250	15.81791
153.300	15.81791
153.350	15.81791
153.400	15.81791
153.450	15.81791
153.500	15.81791
153.550	15.81791
153.600	15.81791
153.650	15.81792
153.700	15.81792
153.750	15.81792
153.800	15.81792
153.850	15.81792
153.900	15.81792
153.950	15.81792
154.000	15.81792
154.050	15.81792
154.100	15.81792
154.150	15.81792
154.200	15.81793
154.250	15.81793
154.300	15.81793
154.350	15.81793
154.400	15.81793
154.450	15.81793
154.500	15.81793
154.550	15.81793
154.600	15.81793
154.650	15.81793
154.700	15.81793
154.750	15.81794
154.800	15.81794
154.850	15.81794
154.900	15.81794
154.950	15.81794
155.000	15.81794
155.050	15.81794
155.100	15.81794
155.150	15.81794
155.200	15.81794
155.250	15.81794
155.300	15.81794
155.350	15.81795
155.400	15.81795
155.450	15.81795
155.500	15.81795
155.550	15.81795
155.600	15.81795
155.650	15.81795
155.700	15.81795
155.750	15.81795
155.800	15.81795
155.850	15.81795
155.900	15.81795
155.950	15.81796
156.000	15.81796
156.050	15.81796
156.100	15.81796
156.150	15.81796
156.200	15.81796
156.250	15.81796
156.300	15.81796
156.350	15.81796
156.400	15.81796
156.450	15.81796
156.500	15.81796
156.550	15.81796
156.600	15.81797
156.650	15.81797
156.700	15.81797
156.750	15.81797
156.800	15.81797
156.850	15.81797
156.900	15.81797
156.950	15.81797
157.000	15.81797
157.050	15.81797
157.100	15.81797
157.150	15.81797
157.200	15.81797
157.250	15.81797
157.300	15.81798
157.350	15.81798
157.400	15.81798
157.450	15.81798
157.500	15.81798
157.550	15.81798
157.600	15.81798
157.650	15.81798
157.700	15.81798
157.750	15.81798
157.800	15.81798
157.850	15.81798
157.900	15.81798
157.950	15.81798
158.000	15.81799
158.050	15.81799
158.100	15.81799
158.150	15.81799
158.200	15.81799
158.250	15.81799
158.300	15.81799
158.350	15.81799
158.400	15.81799
158.450	15.81799
158.500	15.81799
158.550	15.81799
158.600	15.81799
158.650	15.81799
158.700	15.81799
158.750	15.81800
158.800	15.81800
158.850	15.81800
158.900	15.81800
158.950	15.81800
159.000	15.81800
159.050	15.81800
159.100	15.81800
159.150	15.81800
159.200	15.81800
159.250	15.81800
159.300	15.81800
159.350	15.81800
159.400	15.81800
159.450	15.81800
159.500	15.81800
159.550	15.81801
159.600	15.81801
159.650	15.81801
159.700	15.81801
159.750	15.81801
159.800	15.81801
159.850	15.81801
159.900	15.81801
159.950	15.81801
160.000	15.81801
160.050	15.81801
160.100	15.81801
160.150	15.81801
160.200	15.81801
160.250	15.81801
160.300	15.81801
160.350	15.81801
160.400	15.81802
160.450	15.81802
160.500	15.81802
160.550	15.81802
160.600	15.81802
160.650	15.81802
160.700	15.81802
160.750	15.81802
160.800	15.81802
160.850	15.81802
160.900	15.81802
160.950	15.81802
161.000	15.81802
161.050	15.81802
161.100	15.81802
161.150	15.81802
161.200	15.81802
161.250	15.81803
161.300	15.81803
161.350	15.81803
161.400	15.81803
161.450	15.81803
161.500	15.81803
161.550	15.81803
161.600	15.81803
161.650	15.81803
161.700	15.81803
161.750	15.81803
161.800	15.81803
161.850	15.81803
161.900	15.81803
161.950	15.81803
162.000	15.81803
162.050	15.81803
162.100	15.81803
162.150	15.81803
162.200	15.81804
162.250	15.81804
162.300	15.81804
162.350	15.81804
162.400	15.81804
162.450	15.81804
162.500	15.81804
162.550	15.81804
162.600	15.81804
162.650	15.81804
162.700	15.81804
162.750	15.81804
162.800	15.81804
162.850	15.81804
162.900	15.81804
162.950	15.81804
163.000	15.81804
163.050	15.81804
163.100	15.81804
163.150	15.81804
163.200	15.81805
163.250	15.81805
163.300	15.81805
163.350	15.81805
163.400	15.81805
163.450	15.81805
163.500	15.81805
163.550	15.81805
163.600	15.81805
163.650	15.81805
163.700	15.81805
163.750	15.81805
163.800	15.81805
163.850	15.81805
163.900	15.81805
163.950	15.81805
164.000	15.81805
164.050	15.81805
164.100	15.81805
164.150	15.81805
164.200	15.81805
164.250	15.81805
164.300	15.81806
164.350	15.81806
164.400	15.81806
164.450	15.81806
164.500	15.81806
164.550	15.81806
164.600	15.81806
164.650	15.81806
164.700	15.81806
164.750	15.81806
164.800	15.81806
164.850	15.81806
164.900	15.81806
164.950	15.81806
165.000	15.81806
165.050	15.81806
165.100	15.81806
165.150	15.81806
165.200	15.81806
165.250	15.81806
165.300	15.81806
165.350	15.81806
165.400	15.81806
165.450	15.81807
165.500	15.81807
165.550	15.81807
165.600	15.81807
165.650	15.81807
165.700	15.81807
165.750	15.81807
165.800	15.81807
165.850	15.81807
165.900	15.81807
165.950	15.81807
166.000	15.81807
166.050	15.81807
166.100	15.81807
166.150	15.81807
166.200	15.81807
166.250	15.81807
166.300	15.81807
166.350	15.81807
166.400	15.81807
166.450	15.81807
166.500	15.81807
166.550	15.81807
166.600	15.81807
166.650	15.81807
166.700	15.81807
166.750	15.81808
166.800	15.81808
166.850	15.81808
166.900	15.81808
166.950	15.81808
167.000	15.81808
167.050	15.81808
167.100	15.81808
167.150	15.81808
167.200	15.81808
167.250	15.81808
167.300	15.81808
167.350	15.81808
167.400	15.81808
167.450	15.81808
167.500	15.81808
167.550	15.81808
167.600	15.81808
167.650	15.81808
167.700	15.81808
167.750	15.81808
167.800	15.81808
167.850	15.81808
167.900	15.81808
167.950	15.81808
168.000	15.81808
168.050	15.81808
168.100	15.81808
168.150	15.81809
168.200	15.81809
168.250	15.81809
168.300	15.81809
168.350	15.81809
168.400	15.81809
168.450	15.81809
168.500	15.81809
168.550	15.81809
168.600	15.81809
168.650	15.81809
168.700	15.81809
168.750	15.81809
168.800	15.81809
168.850	15.81809
168.900	15.81809
168.950	15.81809
169.000	15.81809
169.050	15.81809
169.100	15.81809
169.150	15.81809
169.200	15.81809
169.250	15.81809
169.300	15.81809
169.350	15.81809
169.400	15.81809
169.450	15.81809
169.500	15.81809
169.550	15.81809
169.600	15.81809
169.650	15.81810
169.700	15.81810
169.750	15.81810
169.800	15.81810
169.850	15.81810
169.900	15.81810
169.950	15.81810
170.000	15.81810
170.050	15.81810
170.100	15.81810
170.150	15.81810
170.200	15.81810
170.250	15.81810
170.300	15.81810
170.350	15.81810
170.400	15.81810
170.450	15.81810
170.500	15.81810
170.550	15.81810
170.600	15.81810
170.650	15.81810
170.700	15.81810
170.750	15.81810
170.800	15.81810
170.850	15.81810
170.900	15.81810
170.950	15.81810
171.000	15.81810
171.050	15.81810
171.100	15.81810
171.150	15.81810
171.200	15.81810
171.250	15.81810
171.300	15.81810
171.350	15.81810
171.400	15.81811
171.450	15.81811
171.500	15.81811
171.550	15.81811
171.600	15.81811
171.650	15.81811
171.700	15.81811
171.750	15.81811
171.800	15.81811
171.850	15.81811
171.900	15.81811
171.950	15.81811
172.000	15.81811
172.050	15.81811
172.100	15.81811
172.150	15.81811
172.200	15.81811
172.250	15.81811
172.300	15.81811
172.350	15.81811
172.400	15.81811
172.450	15.81811
172.500	15.81811
172.550	15.81811
172.600	15.81811
172.650	15.81811
172.700	15.81811
172.750	15.81811
172.800	15.81811
172.850	15.81811
172.900	15.81811
172.950	15.81811
173.000	15.81811
173.050	15.81811
173.100	15.81811
173.150	15.81811
173.200	15.81811
173.250	15.81811
173.300	15.81811
173.350	15.81812
173.400	15.81812
173.450	15.81812
173.500	15.81812
173.550	15.81812
173.600	15.81812
173.650	15.81812
173.700	15.81812
173.750	15.81812
173.800	15.81812
173.850	15.81812
173.900	15.81812
173.950	15.81812
174.000	15.81812
174.050	15.81812
174.100	15.81812
174.150	15.81812
174.200	15.81812
174.250	15.81812
174.300	15.81812
174.350	15.81812
174.400	15.81812
174.450	15.81812
174.500	15.81812
174.550	15.81812
174.600	15.81812
174.650	15.81812
174.700	15.81812
174.750	15.81812
174.800	15.81812
174.850	15.81812
174.900	15.81812
174.950	15.81812
175.000	15.81812
175.050	15.81812
175.100	15.81812
175.150	15.81812
175.200	15.81812
175.250	15.81812
175.300	15.81812
175.350	15.81812
175.400	15.81812
175.450	15.81812
175.500	15.81812
175.550	15.81812
175.600	15.81813
175.650	15.81813
175.700	15.81813
175.750	15.81813
175.800	15.81813
175.850	15.81813
175.900	15.81813
175.950	15.81813
176.000	15.81813
176.050	15.81813
176.100	15.81813
176.150	15.81813
176.200	15.81813
176.250	15.81813
176.300	15.81813
176.350	15.81813
176.400	15.81813
176.450	15.81813
176.500	15.81813
176.550	15.81813
176.600	15.81813
176.650	15.81813
176.700	15.81813
176.750	15.81813
176.800	15.81813
176.850	15.81813
176.900	15.81813
176.950	15.81813
177.000	15.81813
177.050	15.81813
177.100	15.81813
177.150	15.81813
177.200	15.81813
177.250	15.81813
177.300	15.81813
177.350	15.81813
177.400	15.81813
177.450	15.81813
177.500	15.81813
177.550	15.81813
177.600	15.81813
177.650	15.81813
177.700	15.81813
177.750	15.81813
177.800	15.81813
177.850	15.81813
177.900	15.81813
177.950	15.81813
178.000	15.81813
178.050	15.81813
178.100	15.81813
178.150	15.81813
178.200	15.81813
178.250	15.81814
178.300	15.81814
178.350	15.81814
178.400	15.81814
178.450	15.81814
178.500	15.81814
178.550	15.81814
178.600	15.81814
178.650	15.81814
178.700	15.81814
178.750	15.81814
178.800	15.81814
178.850	15.81814
178.900	15.81814
178.950	15.81814
179.000	15.81814
179.050	15.81814
179.100	15.81814
179.150	15.81814
179.200	15.81814
179.250	15.81814
179.300	15.81814
179.350	15.81814
179.400	15.81814
179.450	15.81814
179.500	15.81814
179.550	15.81814
179.600	15.81814
179.650	15.81814
179.700	15.81814
179.750	15.81814
179.800	15.81814
179.850	15.81814
179.900	15.81814
179.950	15.81814
180.000	15.81814
180.050	15.81814
180.100	15.81814
180.150	15.81814
180.200	15.81814
180.250	15.81814
180.300	15.81814
180.350	15.81814
180.400	15.81814
180.450	15.81814
180.500	15.81814
180.550	15.81814
180.600	15.81814
180.650	15.81814
180.700	15.81814
180.750	15.81814
180.800	15.81814
180.850	15.81814
180.900	15.81814
180.950	15.81814
181.000	15.81814
181.050	15.81814
181.100	15.81814
181.150	15.81814
181.200	15.81814
181.250	15.81814
181.300	15.81814
181.350	15.81814
181.400	15.81814
181.450	15.81814
181.500	15.81815
181.550	15.81815
181.600	15.81815
181.650	15.81815
181.700	15.81815
181.750	15.81815
181.800	15.81815
181.850	15.81815
181.900	15.81815
181.950	15.81815
182.000	15.81815
182.050	15.81815
182.100	15.81815
182.150	15.81815
182.200	15.81815
182.250	15.81815
182.300	15.81815
182.350	15.81815
182.400	15.81815
182.450	15.81815
182.500	15.81815
182.550	15.81815
182.600	15.81815
182.650	15.81815
182.700	15.81815
182.750	15.81815
182.800	15.81815
182.850	15.81815
182.900	15.81815
182.950	15.81815
183.000	15.81815
183.050	15.81815
183.100	15.81815
183.150	15.81815
183.200	15.81815
183.250	15.81815
183.300	15.81815
183.350	15.81815
183.400	15.81815
183.450	15.81815
183.500	15.81815
183.550	15.81815
183.600	15.81815
183.650	15.81815
183.700	15.81815
183.750	15.81815
183.800	15.81815
183.850	15.81815
183.900	15.81815
183.950	15.81815
184.000	15.81815
184.050	15.81815
184.100	15.81815
184.150	15.81815
184.200	15.81815
184.250	15.81815
184.300	15.81815
184.350	15.81815
184.400	15.81815
184.450	15.81815
184.500	15.81815
184.550	15.81815
184.600	15.81815
184.650	15.81815
184.700	15.81815
184.750	15.81815
184.800	15.81815
184.850	15.81815
184.900	15.81815
184.950	15.81815
185.000	15.81815
185.050	15.81815
185.100	15.81815
185.150	15.81815
185.200	15.81815
185.250	15.81815
185.300	15.81815
185.350	15.81815
185.400	15.81815
185.450	15.81815
185.500	15.81815
185.550	15.81815
185.600	15.81815
185.650	15.81815
185.700	15.81816
185.750	15.81816
185.800	15.81816
185.850	15.81816
185.900	15.81816
185.950	15.81816
186.000	15.81816
186.050	15.81816
186.100	15.81816
186.150	15.81816
186.200	15.81816
186.250	15.81816
186.300	15.81816
186.350	15.81816
186.400	15.81816
186.450	15.81816
186.500	15.81816
186.550	15.81816
186.600	15.81816
186.650	15.81816
186.700	15.81816
186.750	15.81816
186.800	15.81816
186.850	15.81816
186.900	15.81816
186.950	15.81816
187.000	15.81816
187.050	15.81816
187.100	15.81816
187.150	15.81816
187.200	15.81816
187.250	15.81816
187.300	15.81816
187.350	15.81816
187.400	15.81816
187.450	15.81816
187.500	15.81816
187.550	15.81816
187.600	15.81816
187.650	15.81816
187.700	15.81816
187.750	15.81816
187.800	15.81816
187.850	15.81816
187.900	15.81816
187.950	15.81816
188.000	15.81816
188.050	15.81816
188.100	15.81816
188.150	15.81816
188.200	15.81816
188.250	15.81816
188.300	15.81816
188.350	15.81816
188.400	15.81816
188.450	15.81816
188.500	15.81816
188.550	15.81816
188.600	15.81816
188.650	15.81816
188.700	15.81816
188.750	15.81816
188.800	15.81816
188.850	15.81816
188.900	15.81816
188.950	15.81816
189.000	15.81816
189.050	15.81816
189.100	15.81816
189.150	15.81816
189.200	15.81816
189.250	15.81816
189.300	15.81816
189.350	15.81816
189.400	15.81816
189.450	15.81816
189.500	15.81816
189.550	15.81816
189.600	15.81816
189.650	15.81816
189.700	15.81816
189.750	15.81816
189.800	15.81816
189.850	15.81816
189.900	15.81816
189.950	15.81816
190.000	15.81816
190.050	15.81816
190.100	15.81816
190.150	15.81816
190.200	15.81816
190.250	15.81816
190.300	15.81816
190.350	15.81816
190.400	15.81816
190.450	15.81816
190.500	15.81816
190.550	15.81816
190.600	15.81816
190.650	15.81816
190.700	15.81816
190.750	15.81816
190.800	15.81816
190.850	15.81816
190.900	15.81816
190.950	15.81816
191.000	15.81816
191.050	15.81816
191.100	15.81816
191.150	15.81816
191.200	15.81816
191.250	15.81816
191.300	15.81816
191.350	15.81816
191.400	15.81816
191.450	15.81816
191.500	15.81816
191.550	15.81816
191.600	15.81817
191.650	15.81817
191.700	15.81817
191.750	15.81817
191.800	15.81817
191.850	15.81817
191.900	15.81817
191.950	15.81817
192.000	15.81817
192.050	15.81817
192.100	15.81817
192.150	15.81817
192.200	15.81817
192.250	15.81817
192.300	15.81817
192.350	15.81817
192.400	15.81817
192.450	15.81817
192.500	15.81817
192.550	15.81817
192.600	15.81817
192.650	15.81817
192.700	15.81817
192.750	15.81817
192.800	15.81817
192.850	15.81817
192.900	15.81817
192.950	15.81817
193.000	15.81817
193.050	15.81817
193.100	15.81817
193.150	15.81817
193.200	15.81817
193.250	15.81817
193.300	15.81817
193.350	15.81817
193.400	15.81817
193.450	15.81817
193.500	15.81817
193.550	15.81817
193.600	15.81817
193.650	15.81817
193.700	15.81817
193.750	15.81817
193.800	15.81817
193.850	15.81817
193.900	15.81817
193.950	15.81817
194.000	15.81817
194.050	15.81817
194.100	15.81817
194.150	15.81817
194.200	15.81817
194.250	15.81817
194.300	15.81817
194.350	15.81817
194.400	15.81817
194.450	15.81817
194.500	15.81817
194.550	15.81817
194.600	15.81817
194.650	15.81817
194.700	15.81817
194.750	15.81817
194.800	15.81817
194.850	15.81817
194.900	15.81817
194.950	15.81817
195.000	15.81817
195.050	15.81817
195.100	15.81817
195.150	15.81817
195.200	15.81817
195.250	15.81817
195.300	15.81817
195.350	15.81817
195.400	15.81817
195.450	15.81817
195.500	15.81817
195.550	15.81817
195.600	15.81817
195.650	15.81817
195.700	15.81817
195.750	15.81817
195.800	15.81817
195.850	15.81817
195.900	15.81817
195.950	15.81817
196.000	15.81817
196.050	15.81817
196.100	15.81817
196.150	15.81817
196.200	15.81817
196.250	15.81817
196.300	15.81817
196.350	15.81817
196.400	15.81817
196.450	15.81817
196.500	15.81817
196.550	15.81817
196.600	15.81817
196.650	15.81817
196.700	15.81817
196.750	15.81817
196.800	15.81817
196.850	15.81817
196.900	15.81817
196.950	15.81817
197.000	15.81817
197.050	15.81817
197.100	15.81817
197.150	15.81817
197.200	15.81817
197.250	15.81817
197.300	15.81817
197.350	15.81817
197.400	15.81817
197.450	15.81817
197.500	15.81817
197.550	15.81817
197.600	15.81817
197.650	15.81817
197.700	15.81817
197.750	15.81817
197.800	15.81817
197.850	15.81817
197.900	15.81817
197.950	15.81817
198.000	15.81817
198.050	15.81817
198.100	15.81817
198.150	15.81817
198.200	15.81817
198.250	15.81817
198.300	15.81817
198.350	15.81817
198.400	15.81817
198.450	15.81817
198.500	15.81817
198.550	15.81817
198.600	15.81817
198.650	15.81817
198.700	15.81817
198.750	15.81817
198.800	15.81817
198.850	15.81817
198.900	15.81817
198.950	15.81817
199.000	15.81817
199.050	15.81817
199.100	15.81817
199.150	15.81817
199.200	15.81817
199.250	15.81817
199.300	15.81817
199.350	15.81817
199.400	15.81817
199.450	15.81817
199.500	15.81817
199.550	15.81817
199.600	15.81817
199.650	15.81817
199.700	15.81817
199.750	15.81817
199.800	15.81817
199.850	15.81817
199.900	15.81817
199.950	15.81817
200.000	15.81817
